epoch;best_distance;avg_best_10%;median;avg_worst_10%;avg;worst_distance;std_deviation;conflict_percentage;avgDiff;0Diff;02Diff
0;25201.244;25201.244;26155.935;27073.146;26101.278;27073.146;667.343;34.971;46.205;.000;.000
1;23179.493;23179.493;24928.262;25259.554;24493.548;25259.554;775.533;35.150;47.381;.000;.000
2;22544.125;22544.125;24008.332;24834.657;23682.475;24834.657;760.874;33.934;46.129;.000;.000
3;21487.031;21487.031;23120.262;24555.384;23020.487;24555.384;845.001;33.664;45.536;.000;.000
4;21310.771;21310.771;22664.101;23369.245;22398.312;23369.245;690.411;33.615;46.269;.000;.000
5;21046.386;21046.386;22030.399;22444.852;21795.491;22444.852;498.804;32.659;45.325;.000;.000
6;20441.553;20441.553;21156.301;22418.608;21327.409;22418.608;661.015;32.551;45.850;.000;.000
7;20218.733;20218.733;20943.097;21904.803;21001.868;21904.803;564.644;31.730;44.073;.000;.000
8;19415.322;19415.322;20588.340;21855.454;20675.914;21855.454;829.602;32.336;45.380;.000;.000
9;18828.550;18828.550;20415.836;21855.454;20372.672;21855.454;971.996;31.255;44.935;.000;.000
10;18828.550;18828.550;20075.578;21172.408;20059.009;21172.408;749.355;30.676;43.999;.000;.000
11;18828.550;18828.550;20052.936;20998.074;19916.627;20998.074;771.240;30.216;43.671;.000;.000
12;18371.710;18371.710;19818.970;20855.470;19750.120;20855.470;843.602;29.086;43.244;.000;.000
13;17429.891;17429.891;19477.763;20855.470;19455.787;20855.470;999.529;27.542;42.416;.000;.000
14;17429.891;17429.891;19254.504;20699.204;19179.658;20699.204;881.441;27.676;42.408;.000;.000
15;17429.891;17429.891;19141.093;19894.461;18963.291;19894.461;754.851;27.123;41.628;.000;.000
16;17317.831;17317.831;19141.093;19894.461;18850.409;19894.461;761.800;26.591;41.180;.000;.000
17;17060.179;17060.179;18421.614;19802.326;18498.779;19802.326;931.679;26.919;41.103;.000;.000
18;16515.332;16515.332;18310.981;19422.314;17995.451;19422.314;1165.982;26.132;40.483;.000;.000
19;16515.332;16515.332;18310.981;19103.293;17905.113;19103.293;1071.166;26.132;41.723;.000;.000
20;16356.085;16356.085;17900.042;19096.650;17765.901;19096.650;1012.156;25.870;41.121;.000;.000
21;16155.586;16155.586;17900.042;19096.650;17629.651;19096.650;981.701;26.493;41.131;.000;.000
22;16076.232;16076.232;17900.042;18727.809;17570.489;18727.809;958.955;25.968;40.195;.000;.000
23;16076.232;16076.232;17721.668;18524.021;17341.433;18524.021;884.868;25.517;39.195;.000;.000
24;15088.473;15088.473;17551.177;18485.267;17144.851;18485.267;1114.935;24.270;39.056;.000;.000
25;15088.473;15088.473;17551.177;18150.103;17053.916;18150.103;1038.886;24.377;39.750;.000;.000
26;15088.473;15088.473;17202.738;18150.103;16897.141;18150.103;951.155;23.554;39.335;.000;.000
27;15088.473;15088.473;17003.833;17862.674;16703.825;17862.674;823.851;24.520;40.003;.000;.000
28;15088.473;15088.473;16931.950;17448.556;16579.503;17448.556;726.031;24.059;39.071;.000;.000
29;15088.473;15088.473;16578.144;17201.723;16492.361;17201.723;659.262;23.733;38.751;.000;.000
30;15088.473;15088.473;16578.144;17201.723;16470.963;17201.723;663.272;24.586;38.883;.000;.000
31;15088.473;15088.473;16578.144;17003.833;16404.677;17003.833;625.257;25.370;39.193;.000;.000
32;14800.530;14800.530;16542.652;17003.833;16276.539;17003.833;671.657;25.529;39.589;.000;.000
33;14800.530;14800.530;16226.186;17003.833;16169.234;17003.833;665.206;24.919;38.818;.000;.000
34;14750.782;14750.782;15866.308;16854.034;16019.135;16854.034;642.579;25.365;38.359;.000;.000
35;14739.385;14739.385;15866.308;16854.034;16017.995;16854.034;645.083;24.167;37.749;.000;.000
36;14739.385;14739.385;15866.308;16711.062;15939.471;16711.062;652.234;24.233;37.561;.000;.000
37;14291.219;14291.219;15866.308;16711.062;15855.021;16711.062;792.315;23.571;38.269;.000;.000
38;14076.920;14076.920;15853.280;16711.062;15758.510;16711.062;804.612;24.208;37.316;.000;.000
39;14076.920;14076.920;15853.280;16711.062;15701.825;16711.062;808.008;23.336;35.951;.000;.000
40;14032.984;14032.984;15665.591;16434.199;15565.078;16434.199;736.442;21.826;34.411;.000;.000
41;14032.984;14032.984;15665.591;16434.199;15516.507;16434.199;773.351;22.525;34.058;.000;.000
42;14032.984;14032.984;15574.367;16118.418;15302.207;16118.418;688.212;21.591;34.206;.000;.000
43;14032.984;14032.984;15476.900;15999.254;15198.066;15999.254;605.634;22.152;34.518;.000;.000
44;13845.562;13845.562;15476.900;15725.603;15105.170;15725.603;633.637;21.169;34.053;.000;.000
45;13845.562;13845.562;15414.528;15725.603;15004.152;15725.603;656.701;20.637;33.104;.000;.000
46;13691.845;13691.845;15414.528;15592.599;14941.830;15592.599;697.816;19.865;31.438;.000;.000
47;13691.845;13691.845;15414.528;15592.599;14931.243;15592.599;699.290;21.934;32.211;.000;.000
48;13691.845;13691.845;15414.528;15592.599;14903.735;15592.599;710.517;20.522;30.669;.000;.000
49;13691.845;13691.845;14946.922;15533.629;14737.805;15533.629;707.582;19.686;29.138;.000;.000
50;13691.845;13691.845;14946.922;15414.528;14656.784;15414.528;631.120;20.664;29.886;.000;.000
51;13675.191;13675.191;14946.922;15344.529;14602.761;15344.529;638.238;21.049;31.395;.000;.000
52;13675.191;13675.191;14933.789;15320.524;14570.558;15320.524;641.983;21.127;33.024;.000;.000
53;13625.282;13625.282;14919.814;15146.415;14488.084;15146.415;646.399;20.547;33.218;.000;.000
54;13622.467;13622.467;14795.458;15146.415;14474.766;15146.415;639.618;20.162;32.240;.000;.000
55;13570.248;13570.248;14738.743;15110.571;14416.019;15110.571;619.498;19.882;32.173;.000;.000
56;13570.248;13570.248;14721.069;15086.384;14397.646;15086.384;607.070;18.078;30.450;.000;.000
57;13570.248;13570.248;14530.682;15086.384;14337.978;15086.384;573.947;17.699;29.101;.000;.000
58;13489.006;13489.006;14401.502;15015.549;14242.341;15015.549;554.095;17.292;27.484;.000;.000
59;13431.167;13431.167;14255.897;15015.549;14200.885;15015.549;565.370;17.007;25.023;.000;.000
60;13345.113;13345.113;14242.778;15015.549;14170.761;15015.549;579.830;16.230;23.859;.000;.000
61;13345.113;13345.113;14242.778;14869.291;14122.312;14869.291;545.186;17.640;25.359;.000;.000
62;13241.889;13241.889;14101.451;14763.005;14027.668;14763.005;533.671;18.314;25.778;.000;.000
63;13185.175;13185.175;14101.451;14763.005;14012.992;14763.005;534.042;17.591;24.549;.000;.000
64;13177.536;13177.536;14101.451;14678.968;13979.032;14678.968;506.585;17.721;24.458;.000;.000
65;13177.536;13177.536;14101.451;14678.968;13968.230;14678.968;503.753;16.757;23.748;.000;.000
66;12914.328;12914.328;14101.451;14678.968;13881.853;14678.968;571.416;18.637;24.673;.000;.000
67;12914.328;12914.328;14017.032;14403.903;13775.340;14403.903;491.375;18.451;25.575;.000;.000
68;12914.328;12914.328;13871.589;14403.903;13738.380;14403.903;488.561;17.748;24.640;.000;.000
69;12914.328;12914.328;13871.589;14403.903;13677.143;14403.903;542.464;17.360;25.650;.000;.000
70;12914.328;12914.328;13871.589;14403.903;13664.376;14403.903;530.333;16.912;26.306;.000;.000
71;12857.676;12857.676;13871.589;14403.903;13598.801;14403.903;573.116;17.463;27.483;.000;.000
72;12749.790;12749.790;13871.589;14403.903;13585.465;14403.903;587.752;19.255;30.205;.000;.000
73;12376.148;12376.148;13866.431;14388.003;13524.664;14388.003;668.379;18.654;30.119;.000;.000
74;12376.148;12376.148;13866.431;14388.003;13512.465;14388.003;678.980;19.260;30.390;.000;.000
75;12261.036;12261.036;13822.580;14041.950;13435.310;14041.950;633.617;19.257;28.638;.000;.000
76;12261.036;12261.036;13822.580;14041.950;13433.416;14041.950;632.498;19.105;27.726;.000;.000
77;12261.036;12261.036;13636.624;14041.950;13359.650;14041.950;599.127;20.412;29.801;.000;.000
78;12261.036;12261.036;13522.830;13954.607;13289.540;13954.607;589.493;18.625;30.464;.000;.000
79;12261.036;12261.036;13522.830;13912.728;13272.704;13912.728;571.450;18.561;28.784;.000;.000
80;12261.036;12261.036;13357.326;13906.849;13228.686;13906.849;558.143;17.892;29.869;.000;.000
81;12261.036;12261.036;13330.952;13906.849;13193.417;13906.849;573.884;17.363;29.793;.000;.000
82;12261.036;12261.036;13330.952;13888.238;13146.017;13888.238;568.369;16.578;30.563;.000;.000
83;12141.611;12141.611;13330.952;13888.238;13124.386;13888.238;604.652;17.037;30.779;.000;.000
84;12141.611;12141.611;13330.952;13888.238;13098.212;13888.238;578.273;17.262;30.243;.000;.000
85;12141.611;12141.611;13298.976;13888.238;13060.335;13888.238;575.786;18.123;31.551;.000;.000
86;12141.611;12141.611;13298.976;13888.238;13044.935;13888.238;585.499;16.843;30.339;.000;.000
87;12141.611;12141.611;13289.963;13644.244;12999.261;13644.244;529.078;16.343;30.088;.000;.000
88;12141.611;12141.611;13206.470;13644.244;12976.028;13644.244;518.890;17.961;32.259;.000;.000
89;12141.611;12141.611;12942.849;13644.244;12943.645;13644.244;509.383;18.608;31.054;.000;.000
90;12141.611;12141.611;12942.849;13644.244;12934.875;13644.244;506.035;19.426;31.198;.000;.000
91;12044.508;12044.508;12914.328;13644.244;12876.575;13644.244;534.724;20.086;31.940;.000;.000
92;11982.517;11982.517;12914.328;13644.244;12868.908;13644.244;545.492;19.157;30.756;.000;.000
93;11982.517;11982.517;12914.328;13644.244;12837.442;13644.244;535.436;18.157;29.495;.000;.000
94;11960.347;11960.347;12914.328;13644.244;12804.949;13644.244;546.045;16.174;25.880;.000;.000
95;11922.604;11922.604;12839.085;13644.244;12755.741;13644.244;545.206;15.674;24.850;.000;.000
96;11922.604;11922.604;12839.085;13644.244;12746.632;13644.244;539.002;14.574;23.960;.000;.000
97;11922.604;11922.604;12813.563;13644.244;12722.471;13644.244;549.910;16.069;23.175;.000;.000
98;11922.604;11922.604;12690.146;13644.244;12685.751;13644.244;559.801;14.716;22.581;.000;.000
99;11801.515;11801.515;12690.146;13644.244;12656.830;13644.244;584.849;17.453;25.961;.000;.000
100;11801.515;11801.515;12690.146;13644.244;12654.363;13644.244;584.166;16.417;25.880;.000;.000
101;11643.038;11643.038;12548.982;13644.244;12565.589;13644.244;573.542;16.174;27.564;.000;.000
102;11643.038;11643.038;12548.982;13644.244;12490.650;13644.244;583.849;15.625;29.359;.000;.000
103;11641.569;11641.569;12507.406;13644.244;12415.077;13644.244;614.787;16.015;30.395;.000;.000
104;11625.363;11625.363;12406.613;13644.244;12398.491;13644.244;616.352;16.642;31.526;.000;.000
105;11450.202;11450.202;12406.613;13644.244;12346.942;13644.244;666.648;16.000;28.590;.000;.000
106;11450.202;11450.202;12388.955;13644.244;12319.484;13644.244;665.698;17.027;26.865;.000;.000
107;11450.202;11450.202;12367.712;13644.244;12282.398;13644.244;634.498;18.816;27.881;.000;.000
108;11450.202;11450.202;12367.712;13644.244;12269.655;13644.244;643.665;16.873;25.649;.000;.000
109;11431.349;11431.349;12357.752;13360.803;12180.836;13360.803;574.425;18.561;27.406;.000;.000
110;11431.349;11431.349;12049.337;13360.803;12146.677;13360.803;573.822;19.100;27.390;.000;.000
111;11431.349;11431.349;12049.337;13360.803;12134.998;13360.803;574.110;16.922;24.891;.000;.000
112;11289.969;11289.969;12049.337;13360.803;12108.760;13360.803;594.678;15.831;22.509;.000;.000
113;11289.969;11289.969;12049.337;13360.803;12087.172;13360.803;588.475;15.034;21.926;.000;.000
114;11289.969;11289.969;12049.337;13360.803;12061.471;13360.803;577.368;15.338;20.795;.000;.000
115;11275.024;11275.024;12004.194;13360.803;12049.670;13360.803;576.721;15.892;20.563;.000;.000
116;11275.024;11275.024;12004.194;13280.007;12035.907;13280.007;555.328;16.934;22.288;.000;.000
117;11275.024;11275.024;12004.194;13280.007;12015.360;13280.007;570.676;16.547;21.790;.000;.000
118;11275.024;11275.024;12002.540;13280.007;11992.283;13280.007;572.082;16.804;21.529;.000;.000
119;11275.024;11275.024;12002.540;13280.007;11983.831;13280.007;571.113;15.272;20.438;.000;.000
120;11275.024;11275.024;12002.540;13280.007;11971.046;13280.007;581.670;17.243;21.670;.000;.000
121;11230.078;11230.078;11958.724;13280.007;11900.498;13280.007;589.430;17.806;22.640;.000;.000
122;11230.078;11230.078;11958.724;13280.007;11899.099;13280.007;588.784;16.346;22.044;.000;.000
123;11230.078;11230.078;11958.724;13280.007;11893.256;13280.007;588.366;18.316;23.814;.000;.000
124;11230.078;11230.078;11832.323;13119.474;11842.515;13119.474;540.883;16.706;23.101;.000;.000
125;11230.078;11230.078;11832.323;13119.474;11825.257;13119.474;546.749;18.125;24.600;.000;.000
126;11230.078;11230.078;11832.323;13119.474;11825.257;13119.474;546.749;17.537;25.388;.000;.000
127;11230.078;11230.078;11788.389;13119.474;11820.863;13119.474;546.862;17.748;25.750;.000;.000
128;11230.078;11230.078;11788.389;13119.474;11820.863;13119.474;546.862;17.627;25.420;.000;.000
129;11230.078;11230.078;11767.400;13119.474;11818.765;13119.474;547.041;18.799;26.969;.000;.000
130;11230.078;11230.078;11685.692;13119.474;11799.670;13119.474;546.307;18.828;28.534;.000;.000
131;11230.078;11230.078;11685.692;13119.474;11797.520;13119.474;547.876;18.642;27.709;.000;.000
132;11230.078;11230.078;11685.692;13119.474;11797.520;13119.474;547.876;18.471;27.821;.000;.000
133;11230.078;11230.078;11685.692;13119.474;11795.335;13119.474;549.551;19.034;27.198;.000;.000
134;11230.078;11230.078;11657.273;13119.474;11786.879;13119.474;553.764;18.125;26.124;.000;.000
135;11230.078;11230.078;11657.273;13119.474;11786.879;13119.474;553.764;17.199;25.691;.000;.000
136;11230.078;11230.078;11657.273;13119.474;11784.728;13119.474;555.600;16.556;23.999;.000;.000
137;11230.078;11230.078;11657.273;13119.474;11784.000;13119.474;556.239;17.412;24.098;.000;.000
138;11230.078;11230.078;11657.273;13119.474;11774.085;13119.474;560.474;17.049;23.141;.000;.000
139;11227.559;11227.559;11657.273;13119.474;11771.129;13119.474;558.958;18.346;23.845;.000;.000
140;11227.559;11227.559;11657.273;13119.474;11771.129;13119.474;558.958;17.017;25.250;.000;.000
141;11227.559;11227.559;11657.273;13119.474;11771.129;13119.474;558.958;17.998;25.335;.000;.000
142;11227.559;11227.559;11657.273;13119.474;11771.129;13119.474;558.958;16.645;23.004;.000;.000
143;11227.559;11227.559;11657.273;13093.390;11767.658;13093.390;551.582;17.750;24.633;.000;.000
144;11227.559;11227.559;11657.273;13093.390;11767.658;13093.390;551.582;18.360;24.925;.000;.000
145;11227.559;11227.559;11657.273;13093.390;11729.124;13093.390;557.887;18.434;23.375;.000;.000
146;11227.559;11227.559;11657.273;12840.777;11703.863;12840.777;490.953;16.537;22.396;.000;.000
147;11227.559;11227.559;11657.273;12840.777;11683.637;12840.777;477.156;17.066;23.405;.000;.000
148;11227.559;11227.559;11657.273;12840.777;11683.637;12840.777;477.156;19.120;26.314;.000;.000
149;11227.559;11227.559;11657.273;12840.777;11683.637;12840.777;477.156;17.336;25.914;.000;.000
150;11227.559;11227.559;11657.273;12840.777;11683.637;12840.777;477.156;18.147;25.689;.000;.000
151;11227.559;11227.559;11657.273;12840.777;11683.637;12840.777;477.156;18.591;25.315;.000;.000
152;11227.559;11227.559;11657.273;12840.777;11679.715;12840.777;477.737;16.716;24.685;.000;.000
153;11227.559;11227.559;11657.273;12641.214;11653.013;12641.214;423.237;15.821;23.331;.000;.000
154;11058.734;11058.734;11598.415;12641.214;11585.954;12641.214;468.128;16.806;23.055;.000;.000
155;11058.734;11058.734;11598.415;12641.214;11585.954;12641.214;468.128;16.998;23.558;.000;.000
156;11058.734;11058.734;11598.415;12641.214;11570.209;12641.214;458.796;16.348;22.971;.000;.000
157;11058.734;11058.734;11598.415;12641.214;11563.687;12641.214;455.595;14.738;23.841;.000;.000
158;11058.734;11058.734;11598.415;12641.214;11553.021;12641.214;450.765;18.238;26.095;.000;.000
159;11058.734;11058.734;11598.415;12641.214;11553.021;12641.214;450.765;19.113;28.606;.000;.000
160;11058.734;11058.734;11341.558;12641.214;11486.674;12641.214;476.177;17.581;28.408;.000;.000
161;11058.734;11058.734;11341.558;12641.214;11475.678;12641.214;472.221;17.748;26.866;.000;.000
162;11058.734;11058.734;11341.558;12641.214;11452.817;12641.214;467.067;16.730;24.153;.000;.000
163;11058.734;11058.734;11341.558;12641.214;11446.449;12641.214;465.576;17.750;24.528;.000;.000
164;11058.734;11058.734;11341.558;12641.214;11421.566;12641.214;466.201;15.571;25.623;.000;.000
165;11058.734;11058.734;11341.558;12641.214;11421.566;12641.214;466.201;15.547;23.820;.000;.000
166;11058.734;11058.734;11341.558;12641.214;11421.566;12641.214;466.201;16.811;26.496;.000;.000
167;11008.563;11008.563;11272.373;12641.214;11409.072;12641.214;472.721;15.559;24.334;.000;.000
168;10991.175;10991.175;11242.580;12641.214;11399.748;12641.214;477.395;14.743;24.334;.000;.000
169;10982.869;10982.869;11242.580;12641.214;11389.047;12641.214;480.217;14.603;24.859;.000;.000
170;10933.258;10933.258;11242.580;12458.446;11343.437;12458.446;432.723;16.103;24.051;.000;.000
171;10904.570;10904.570;11181.151;12458.446;11317.484;12458.446;447.042;15.632;22.866;.000;.000
172;10795.916;10795.916;11181.151;12458.446;11287.200;12458.446;458.318;16.098;24.110;.000;.000
173;10795.916;10795.916;11181.151;12425.476;11210.772;12425.476;462.888;13.620;22.724;.000;.000
174;10795.916;10795.916;11181.151;12425.476;11210.772;12425.476;462.888;14.032;22.769;.000;.000
175;10795.916;10795.916;11181.151;12425.476;11208.270;12425.476;462.886;15.358;23.770;.000;.000
176;10795.916;10795.916;11181.151;12326.070;11198.330;12326.070;434.008;15.167;22.970;.000;.000
177;10795.916;10795.916;11181.151;12326.070;11198.330;12326.070;434.008;13.309;20.785;.000;.000
178;10795.916;10795.916;11181.151;12326.070;11196.873;12326.070;435.066;13.789;21.904;.000;.000
179;10758.417;10758.417;11096.493;12326.070;11179.302;12326.070;439.583;15.480;21.829;.000;.000
180;10754.863;10754.863;11092.651;12326.070;11161.318;12326.070;444.068;14.512;22.901;.000;.000
181;10754.863;10754.863;11092.651;12326.070;11154.787;12326.070;446.032;17.569;24.699;.000;.000
182;10585.591;10585.591;11092.651;12326.070;11123.190;12326.070;474.262;14.159;23.200;.000;.000
183;10585.591;10585.591;11087.235;12326.070;11113.592;12326.070;474.793;14.963;22.366;.000;.000
184;10585.591;10585.591;11087.235;12326.070;11113.592;12326.070;474.793;16.926;23.410;.000;.000
185;10585.591;10585.591;11064.299;12326.070;11065.303;12326.070;502.489;15.289;23.855;.000;.000
186;10585.591;10585.591;11064.299;11967.753;11029.471;11967.753;406.133;15.478;24.345;.000;.000
187;10540.544;10540.544;11064.299;11967.753;11023.540;11967.753;413.472;15.529;25.024;.000;.000
188;10540.544;10540.544;11047.209;11875.473;11012.603;11875.473;390.240;15.831;26.340;.000;.000
189;10481.167;10481.167;11003.177;11875.473;10996.115;11875.473;398.625;18.458;28.990;.000;.000
190;10481.167;10481.167;11003.177;11875.473;10992.160;11875.473;396.233;17.505;29.301;.000;.000
191;10481.167;10481.167;11003.177;11875.473;10992.160;11875.473;396.233;16.363;29.230;.000;.000
192;10481.167;10481.167;10985.230;11875.473;10990.366;11875.473;396.218;14.988;27.773;.000;.000
193;10481.167;10481.167;10985.230;11875.473;10987.863;11875.473;399.127;16.642;27.921;.000;.000
194;10481.167;10481.167;10985.230;11679.941;10968.310;11679.941;352.927;17.480;28.291;.000;.000
195;10481.167;10481.167;10985.230;11560.146;10956.331;11560.146;327.182;17.828;28.785;.000;.000
196;10471.748;10471.748;10985.230;11508.891;10950.263;11508.891;318.475;17.569;27.664;.000;.000
197;10450.881;10450.881;10951.154;11485.734;10942.298;11485.734;317.289;17.772;27.870;.000;.000
198;10450.881;10450.881;10951.154;11370.392;10916.331;11370.392;286.235;15.824;26.870;.000;.000
199;10450.881;10450.881;10951.154;11370.392;10894.703;11370.392;274.075;16.647;27.198;.000;.000
0;26101.278;27123.198;30054.040;32506.689;29934.875;33335.328;1518.407;34.971;46.205;.000;.000
1;24493.548;25794.404;28206.749;30771.566;28239.498;31701.075;1410.399;35.150;47.381;.000;.000
2;23682.475;24644.983;27086.708;30196.189;27250.379;31490.444;1595.043;33.934;46.129;.000;.000
3;23020.487;23892.362;26346.512;29550.596;26501.646;30886.136;1662.060;33.664;45.536;.000;.000
4;22398.312;23299.497;25590.168;28986.936;25827.449;30275.539;1683.292;33.615;46.269;.000;.000
5;21795.491;22751.792;25205.180;28558.975;25375.148;29915.739;1755.366;32.659;45.325;.000;.000
6;21327.409;22215.572;24835.369;28203.184;24920.858;29678.318;1772.102;32.551;45.850;.000;.000
7;21001.868;21894.932;24610.580;27886.510;24625.244;29417.654;1819.001;31.730;44.073;.000;.000
8;20675.914;21565.867;24152.081;27940.079;24293.079;29558.528;1931.176;32.336;45.380;.000;.000
9;20372.672;21217.759;23959.662;27485.147;24028.561;28653.938;1914.742;31.255;44.935;.000;.000
10;20059.009;20884.381;24014.401;27504.136;23906.780;28972.565;2046.243;30.676;43.999;.000;.000
11;19916.627;20627.647;23503.014;27268.539;23570.857;28945.742;2022.768;30.216;43.671;.000;.000
12;19750.120;20434.378;23088.286;27108.059;23252.288;28786.270;2021.527;29.086;43.244;.000;.000
13;19455.787;20168.366;22726.910;26717.894;22930.150;27991.614;2043.912;27.542;42.416;.000;.000
14;19179.658;19796.512;22355.819;26463.924;22562.727;27944.094;2047.575;27.676;42.408;.000;.000
15;18963.291;19483.443;22141.538;26249.653;22359.044;27775.904;2082.310;27.123;41.628;.000;.000
16;18850.409;19289.883;21922.119;25878.113;22064.024;27253.331;2028.991;26.591;41.180;.000;.000
17;18498.779;19050.593;21411.998;25476.344;21634.612;27000.361;1972.063;26.919;41.103;.000;.000
18;17995.451;18742.258;21188.479;25727.455;21500.068;27351.917;2138.405;26.132;40.483;.000;.000
19;17905.113;18577.749;20986.941;25366.979;21288.764;26781.594;2083.326;26.132;41.723;.000;.000
20;17765.901;18386.854;20803.265;25149.520;21065.133;27051.200;2052.921;25.870;41.121;.000;.000
21;17629.651;18260.382;20802.263;25256.562;20989.407;27265.215;2144.149;26.493;41.131;.000;.000
22;17570.489;18159.161;20698.716;25159.813;20941.986;27237.776;2146.357;25.968;40.195;.000;.000
23;17341.433;17929.915;20464.766;25320.972;20824.309;27170.813;2271.933;25.517;39.195;.000;.000
24;17144.851;17734.499;20236.788;25159.969;20617.252;26783.837;2304.307;24.270;39.056;.000;.000
25;17053.916;17531.037;19870.229;24734.615;20256.114;26924.138;2184.960;24.377;39.750;.000;.000
26;16897.141;17351.625;19873.133;24313.568;20180.534;26255.553;2163.718;23.554;39.335;.000;.000
27;16703.825;17219.226;19778.070;23880.565;19925.351;25277.162;2061.916;24.520;40.003;.000;.000
28;16579.503;17074.646;19353.725;24385.126;19851.116;26209.306;2279.767;24.059;39.071;.000;.000
29;16492.361;16965.607;19371.501;24318.398;19785.522;25992.498;2292.605;23.733;38.751;.000;.000
30;16470.963;16886.184;19251.253;24308.561;19629.984;26201.750;2277.135;24.586;38.883;.000;.000
31;16404.677;16760.654;19247.281;24571.519;19708.787;26276.170;2465.084;25.370;39.193;.000;.000
32;16276.539;16664.459;19427.717;24645.358;19792.093;26530.983;2534.124;25.529;39.589;.000;.000
33;16169.234;16585.990;19260.581;24461.322;19721.382;25970.784;2516.552;24.919;38.818;.000;.000
34;16019.135;16457.495;19144.830;24297.123;19530.625;26256.342;2499.368;25.365;38.359;.000;.000
35;16017.995;16382.207;19114.967;24442.710;19494.073;26043.299;2551.304;24.167;37.749;.000;.000
36;15939.471;16293.843;18997.960;24286.787;19318.942;26817.734;2500.778;24.233;37.561;.000;.000
37;15855.021;16184.767;18418.708;24206.974;19074.828;26148.825;2579.326;23.571;38.269;.000;.000
38;15758.510;16102.147;18375.034;23798.917;18914.745;26330.146;2440.317;24.208;37.316;.000;.000
39;15701.825;16007.693;18289.733;24192.923;18955.914;26293.711;2617.880;23.336;35.951;.000;.000
40;15565.078;15866.349;18005.746;23720.923;18703.024;25918.622;2495.439;21.826;34.411;.000;.000
41;15516.507;15752.944;17561.087;23193.510;18323.511;25230.063;2422.721;22.525;34.058;.000;.000
42;15302.207;15656.317;17704.496;23581.051;18466.939;25529.860;2579.391;21.591;34.206;.000;.000
43;15198.066;15541.244;17306.595;23462.372;18116.997;26157.510;2454.213;22.152;34.518;.000;.000
44;15105.170;15463.442;17499.587;23108.777;18196.942;24893.902;2480.089;21.169;34.053;.000;.000
45;15004.152;15353.138;17474.792;22708.657;18035.867;24358.094;2345.657;20.637;33.104;.000;.000
46;14941.830;15248.677;17121.758;22629.803;17815.366;25019.979;2317.404;19.865;31.438;.000;.000
47;14931.243;15189.187;16851.141;22028.069;17471.451;24692.957;2122.589;21.934;32.211;.000;.000
48;14903.735;15150.595;16951.305;22518.779;17632.391;24403.836;2320.474;20.522;30.669;.000;.000
49;14737.805;15076.966;16916.223;22674.411;17565.929;24468.715;2367.763;19.686;29.138;.000;.000
50;14656.784;14997.855;16847.059;22260.598;17381.109;24609.934;2206.542;20.664;29.886;.000;.000
51;14602.761;14920.112;16907.778;22683.343;17496.407;25026.434;2391.538;21.049;31.395;.000;.000
52;14570.558;14807.806;16899.114;22538.299;17556.525;24379.633;2478.997;21.127;33.024;.000;.000
53;14488.084;14746.081;16814.729;22922.835;17512.290;25604.673;2568.639;20.547;33.218;.000;.000
54;14474.766;14717.509;16773.720;22187.412;17378.932;24306.038;2390.008;20.162;32.240;.000;.000
55;14416.019;14635.170;16747.712;22319.387;17289.277;24492.844;2408.734;19.882;32.173;.000;.000
56;14397.646;14583.633;16529.244;22374.050;17221.238;24530.831;2479.324;18.078;30.450;.000;.000
57;14337.978;14501.667;16207.029;21718.579;16828.734;24414.336;2263.192;17.699;29.101;.000;.000
58;14242.341;14430.534;15957.103;21604.309;16737.045;23615.526;2296.259;17.292;27.484;.000;.000
59;14200.885;14396.448;15974.266;21860.617;16739.473;24289.979;2368.951;17.007;25.023;.000;.000
60;14170.761;14333.073;15818.208;21854.746;16595.431;24260.743;2349.995;16.230;23.859;.000;.000
61;14122.312;14286.404;15591.877;21915.981;16465.173;24198.465;2330.719;17.640;25.359;.000;.000
62;14027.668;14242.510;15640.493;22447.018;16593.174;25014.601;2574.786;18.314;25.778;.000;.000
63;14012.992;14201.732;15701.526;22365.890;16654.054;24719.034;2599.605;17.591;24.549;.000;.000
64;13979.032;14169.861;15865.635;22147.614;16636.795;24388.612;2517.812;17.721;24.458;.000;.000
65;13968.230;14148.254;15789.154;21613.327;16589.164;23405.622;2426.437;16.757;23.748;.000;.000
66;13881.853;14116.107;15664.421;21227.503;16271.158;23922.408;2186.288;18.637;24.673;.000;.000
67;13775.340;14052.801;15951.765;21749.493;16555.970;23787.789;2407.671;18.451;25.575;.000;.000
68;13738.380;14012.426;15693.885;21777.154;16485.963;24036.330;2449.419;17.748;24.640;.000;.000
69;13677.143;13968.596;15651.729;22392.277;16490.102;24532.468;2646.289;17.360;25.650;.000;.000
70;13664.376;13901.413;15538.956;22214.131;16424.950;24291.214;2552.853;16.912;26.306;.000;.000
71;13598.801;13839.511;15287.468;21539.543;16184.454;23446.300;2417.496;17.463;27.483;.000;.000
72;13585.465;13820.308;15458.243;21463.708;16188.166;23692.001;2383.362;19.255;30.205;.000;.000
73;13524.664;13772.028;15424.920;22282.856;16455.482;24357.902;2703.476;18.654;30.119;.000;.000
74;13512.465;13747.727;15451.077;21888.922;16304.878;24194.713;2549.556;19.260;30.390;.000;.000
75;13435.310;13699.849;15610.612;22004.382;16422.918;24364.944;2646.920;19.257;28.638;.000;.000
76;13433.416;13670.187;15479.912;21711.230;16346.435;24837.499;2616.230;19.105;27.726;.000;.000
77;13359.650;13625.896;15396.376;21939.986;16300.770;24427.484;2637.287;20.412;29.801;.000;.000
78;13289.540;13570.586;15616.819;22288.596;16502.909;24670.055;2834.225;18.625;30.464;.000;.000
79;13272.704;13526.922;15042.720;22146.052;16151.731;25053.684;2756.950;18.561;28.784;.000;.000
80;13228.686;13489.546;15023.216;22093.479;16102.679;23836.614;2779.430;17.892;29.869;.000;.000
81;13193.417;13469.501;15004.203;21848.419;15997.098;24054.769;2664.808;17.363;29.793;.000;.000
82;13146.017;13430.302;15035.620;21237.152;15878.360;23831.738;2444.204;16.578;30.563;.000;.000
83;13124.386;13400.619;15014.303;20631.109;15708.094;23348.196;2285.015;17.037;30.779;.000;.000
84;13098.212;13363.583;14878.800;21395.070;15723.478;23780.501;2506.650;17.262;30.243;.000;.000
85;13060.335;13323.135;14845.811;21402.937;15800.886;23500.755;2604.867;18.123;31.551;.000;.000
86;13044.935;13295.142;14892.463;21388.556;15851.749;23013.606;2613.712;16.843;30.339;.000;.000
87;12999.261;13254.691;14477.148;22076.666;15679.678;24188.208;2791.158;16.343;30.088;.000;.000
88;12976.028;13220.033;14416.660;21470.785;15481.269;23983.311;2584.422;17.961;32.259;.000;.000
89;12943.645;13182.840;14659.825;21776.884;15744.728;24063.639;2742.745;18.608;31.054;.000;.000
90;12934.875;13166.804;14996.335;21138.972;15812.492;23424.598;2586.030;19.426;31.198;.000;.000
91;12876.575;13120.278;15137.812;21659.107;15909.195;23697.473;2753.054;20.086;31.940;.000;.000
92;12868.908;13076.316;15186.664;21573.354;15963.587;23376.950;2754.661;19.157;30.756;.000;.000
93;12837.442;13019.739;14876.084;21311.748;15749.589;23019.562;2660.211;18.157;29.495;.000;.000
94;12804.949;12964.044;14598.804;21587.437;15570.730;23849.410;2708.023;16.174;25.880;.000;.000
95;12755.741;12930.083;14122.552;21242.747;15293.775;23020.671;2660.093;15.674;24.850;.000;.000
96;12746.632;12909.664;14116.142;20766.731;15045.770;22948.144;2457.040;14.574;23.960;.000;.000
97;12722.471;12869.466;13959.479;20797.157;14951.067;23540.996;2465.477;16.069;23.175;.000;.000
98;12685.751;12831.590;14060.634;21253.345;15165.421;23102.103;2682.542;14.716;22.581;.000;.000
99;12656.830;12803.973;14080.244;19910.799;14859.759;22773.814;2227.332;17.453;25.961;.000;.000
100;12654.363;12795.582;14360.224;21460.355;15410.757;24003.585;2759.189;16.417;25.880;.000;.000
101;12565.589;12758.735;14259.168;20726.693;15119.817;23228.600;2513.232;16.174;27.564;.000;.000
102;12490.650;12730.798;14141.885;20416.296;15023.195;22689.853;2421.349;15.625;29.359;.000;.000
103;12415.077;12685.316;14085.289;20612.594;14961.726;22998.046;2453.376;16.015;30.395;.000;.000
104;12398.491;12645.228;14139.150;20520.278;14970.546;23020.954;2451.319;16.642;31.526;.000;.000
105;12346.942;12595.690;14115.254;20231.428;15020.844;21964.434;2431.053;16.000;28.590;.000;.000
106;12319.484;12521.986;13992.391;20194.036;14784.786;22615.024;2365.826;17.027;26.865;.000;.000
107;12282.398;12473.274;14165.220;20169.629;14938.608;22079.139;2439.256;18.816;27.881;.000;.000
108;12269.655;12433.776;13909.946;22063.379;15195.630;24331.891;3081.661;16.873;25.649;.000;.000
109;12180.836;12404.967;13971.174;20778.932;14877.467;23691.242;2605.635;18.561;27.406;.000;.000
110;12146.677;12364.014;14103.143;21313.903;15176.014;23570.699;2913.419;19.100;27.390;.000;.000
111;12134.998;12312.997;13948.301;21727.436;15198.993;23368.814;3093.526;16.922;24.891;.000;.000
112;12108.760;12274.898;13680.331;20632.011;14705.294;22674.158;2653.546;15.831;22.509;.000;.000
113;12087.172;12256.196;13390.948;20656.261;14455.586;22964.302;2640.591;15.034;21.926;.000;.000
114;12061.471;12238.927;13478.092;20134.534;14409.761;22458.350;2467.710;15.338;20.795;.000;.000
115;12049.670;12217.384;13626.568;20045.354;14461.647;22586.905;2466.897;15.892;20.563;.000;.000
116;12035.907;12203.841;13444.619;21025.810;14504.425;23208.714;2723.478;16.934;22.288;.000;.000
117;12015.360;12194.365;13784.072;20653.726;14684.366;23351.666;2670.111;16.547;21.790;.000;.000
118;11992.283;12178.977;13649.100;20601.322;14629.921;22788.631;2691.037;16.804;21.529;.000;.000
119;11983.831;12183.294;13484.760;21179.882;14673.351;23338.176;2851.265;15.272;20.438;.000;.000
120;11971.046;12153.371;13596.974;20940.262;14598.073;23663.777;2732.467;17.243;21.670;.000;.000
121;11900.498;12119.898;13718.683;20976.247;14702.679;23720.749;2781.020;17.806;22.640;.000;.000
122;11899.099;12122.203;13775.553;21526.884;14830.718;24012.373;2938.374;16.346;22.044;.000;.000
123;11893.256;12096.860;13622.480;20746.781;14619.103;23388.157;2702.516;18.316;23.814;.000;.000
124;11842.515;12076.255;13799.913;20945.795;14939.346;23374.236;2913.198;16.706;23.101;.000;.000
125;11825.257;12065.170;13918.350;19991.440;14686.851;22471.578;2498.939;18.125;24.600;.000;.000
126;11825.257;12083.320;14304.732;20323.287;14897.674;22370.925;2553.400;17.537;25.388;.000;.000
127;11820.863;12088.927;14314.898;20227.289;14832.828;22206.616;2489.479;17.748;25.750;.000;.000
128;11820.863;12072.304;14406.425;20735.709;14984.387;23100.350;2678.622;17.627;25.420;.000;.000
129;11818.765;12078.624;14228.586;19383.193;14750.339;21825.488;2321.700;18.799;26.969;.000;.000
130;11799.670;12069.528;14439.757;20146.787;14969.249;22205.915;2582.876;18.828;28.534;.000;.000
131;11797.520;12071.946;14580.420;20334.408;14961.821;22883.944;2608.135;18.642;27.709;.000;.000
132;11797.520;12072.654;14233.826;20510.188;14872.753;22889.806;2592.658;18.471;27.821;.000;.000
133;11795.335;12071.344;14279.678;20448.681;14918.248;22420.532;2626.630;19.034;27.198;.000;.000
134;11786.879;12072.206;14572.333;20188.111;14968.835;22269.202;2547.574;18.125;26.124;.000;.000
135;11786.879;12057.480;14371.913;20323.896;14950.843;23541.047;2605.042;17.199;25.691;.000;.000
136;11784.728;12044.310;14083.360;20176.556;14669.583;22258.150;2530.017;16.556;23.999;.000;.000
137;11784.000;12035.013;13904.547;19831.606;14602.582;22098.623;2452.634;17.412;24.098;.000;.000
138;11774.085;12005.312;13725.895;20333.259;14577.076;22956.008;2611.709;17.049;23.141;.000;.000
139;11771.129;11992.571;13659.731;20845.793;14737.323;23520.514;2845.106;18.346;23.845;.000;.000
140;11771.129;11965.842;13939.389;20984.586;14881.441;23290.910;2874.634;17.017;25.250;.000;.000
141;11771.129;11956.692;13688.858;20362.293;14595.586;22693.020;2666.808;17.998;25.335;.000;.000
142;11771.129;11966.614;13889.914;20602.318;14733.623;22423.572;2798.645;16.645;23.004;.000;.000
143;11767.658;11945.995;13700.302;20700.080;14568.626;23274.922;2743.037;17.750;24.633;.000;.000
144;11767.658;11928.473;13779.340;20305.097;14594.984;22122.102;2674.336;18.360;24.925;.000;.000
145;11729.124;11917.255;13683.389;21069.428;14692.616;23151.489;2929.365;18.434;23.375;.000;.000
146;11703.863;11915.940;13594.777;21181.895;14784.037;22957.796;3008.370;16.537;22.396;.000;.000
147;11683.637;11891.002;13304.578;20781.294;14435.335;23474.368;2813.983;17.066;23.405;.000;.000
148;11683.637;11897.616;13497.962;20777.117;14489.846;22891.541;2766.383;19.120;26.314;.000;.000
149;11683.637;11888.526;13668.849;21062.425;14792.485;23402.496;2983.296;17.336;25.914;.000;.000
150;11683.637;11891.229;13490.604;20437.431;14465.478;22894.394;2748.233;18.147;25.689;.000;.000
151;11683.637;11904.155;13549.315;20748.544;14627.656;22759.754;2850.869;18.591;25.315;.000;.000
152;11679.715;11883.675;13680.573;20774.758;14789.104;22998.566;2911.851;16.716;24.685;.000;.000
153;11653.013;11867.880;13270.688;20474.258;14329.306;23824.984;2696.919;15.821;23.331;.000;.000
154;11585.954;11828.669;13347.084;20456.442;14369.570;22799.407;2737.263;16.806;23.055;.000;.000
155;11585.954;11832.561;13430.476;20760.769;14578.060;22920.425;2867.970;16.998;23.558;.000;.000
156;11570.209;11830.590;13276.040;20881.918;14517.670;23101.972;2918.879;16.348;22.971;.000;.000
157;11563.687;11817.287;13381.546;19946.971;14281.791;22744.069;2566.813;14.738;23.841;.000;.000
158;11553.021;11792.683;13301.043;19564.449;14052.866;22169.153;2399.746;18.238;26.095;.000;.000
159;11553.021;11813.512;13899.041;20578.284;14679.315;22656.234;2773.500;19.113;28.606;.000;.000
160;11486.674;11788.422;14061.166;21202.593;14965.130;23495.405;3004.603;17.581;28.408;.000;.000
161;11475.678;11768.406;13849.725;20693.367;14604.001;22711.851;2806.301;17.748;26.866;.000;.000
162;11452.817;11745.703;13754.146;20516.986;14554.179;23197.056;2797.802;16.730;24.153;.000;.000
163;11446.449;11714.180;13390.624;20925.765;14453.034;23680.280;2923.027;17.750;24.528;.000;.000
164;11421.566;11694.021;13433.325;20987.803;14495.418;23533.119;2975.437;15.571;25.623;.000;.000
165;11421.566;11666.227;12900.276;20116.595;14094.981;22672.781;2734.003;15.547;23.820;.000;.000
166;11421.566;11641.071;13196.099;19945.495;14069.099;22789.634;2627.247;16.811;26.496;.000;.000
167;11409.072;11612.002;13208.118;20719.748;14159.459;23383.882;2812.328;15.559;24.334;.000;.000
168;11399.748;11585.474;12977.369;19624.343;13876.068;22224.280;2526.383;14.743;24.334;.000;.000
169;11389.047;11556.442;12883.874;19435.598;13792.610;22191.311;2510.477;14.603;24.859;.000;.000
170;11343.437;11493.840;12773.752;19800.540;13819.032;22898.628;2624.434;16.103;24.051;.000;.000
171;11317.484;11439.305;12917.229;20614.925;14037.382;23565.636;2908.044;15.632;22.866;.000;.000
172;11287.200;11411.864;13007.553;20312.125;14063.950;23006.917;2818.479;16.098;24.110;.000;.000
173;11210.772;11395.385;12902.936;20552.511;14049.041;23248.108;2931.924;13.620;22.724;.000;.000
174;11210.772;11387.260;12757.742;19140.208;13616.753;21595.844;2410.514;14.032;22.769;.000;.000
175;11208.270;11384.158;12663.191;19670.537;13794.855;22736.059;2677.639;15.358;23.770;.000;.000
176;11198.330;11368.843;12605.846;20566.016;13854.626;23155.277;2916.707;15.167;22.970;.000;.000
177;11198.330;11363.958;12578.848;20347.766;13841.828;22087.878;2919.535;13.309;20.785;.000;.000
178;11196.873;11348.804;12342.072;19404.954;13474.712;22595.059;2581.554;13.789;21.904;.000;.000
179;11179.302;11330.010;12565.092;19784.786;13595.127;22447.909;2644.745;15.480;21.829;.000;.000
180;11161.318;11323.211;12846.168;19876.808;13840.306;21972.186;2675.952;14.512;22.901;.000;.000
181;11154.787;11318.774;12961.964;19460.508;13753.927;22326.189;2538.192;17.569;24.699;.000;.000
182;11123.190;11313.127;13018.525;20634.493;14323.603;22426.466;3150.839;14.159;23.200;.000;.000
183;11113.592;11288.324;12540.704;19374.722;13540.218;21478.439;2525.584;14.963;22.366;.000;.000
184;11113.592;11278.238;12550.903;19731.816;13611.564;22437.258;2659.334;16.926;23.410;.000;.000
185;11065.303;11261.662;12930.115;19763.207;13925.345;22125.244;2776.285;15.289;23.855;.000;.000
186;11029.471;11247.069;12599.934;20210.248;13763.080;22749.743;2847.239;15.478;24.345;.000;.000
187;11023.540;11246.263;12897.419;20075.672;13838.361;22572.344;2776.327;15.529;25.024;.000;.000
188;11012.603;11226.507;12636.338;19752.484;13712.515;22396.366;2694.219;15.831;26.340;.000;.000
189;10996.115;11209.991;12715.309;20726.180;13859.305;22853.557;2971.589;18.458;28.990;.000;.000
190;10992.160;11210.119;13226.803;20421.742;14212.181;22184.621;2942.319;17.505;29.301;.000;.000
191;10992.160;11201.010;12832.135;20870.424;14066.698;22934.194;3052.492;16.363;29.230;.000;.000
192;10990.366;11173.171;12886.689;20255.205;13872.247;23077.758;2792.885;14.988;27.773;.000;.000
193;10987.863;11160.210;12941.245;19398.252;13682.246;22799.001;2555.671;16.642;27.921;.000;.000
194;10968.310;11142.162;12990.193;20076.088;13928.187;22011.275;2789.155;17.480;28.291;.000;.000
195;10956.331;11126.641;12897.568;20351.424;14047.670;22778.410;2984.928;17.828;28.785;.000;.000
196;10950.263;11110.745;13033.853;20304.461;14044.270;22628.482;2997.926;17.569;27.664;.000;.000
197;10942.298;11093.604;13053.207;20520.704;14033.270;22847.260;3053.370;17.772;27.870;.000;.000
198;10916.331;11084.363;12910.242;20774.422;13969.767;23208.083;3046.220;15.824;26.870;.000;.000
199;10894.703;11077.369;12687.698;20251.608;13734.906;22848.179;2843.349;16.647;27.198;.000;.000
