BEST: 0 11 23 12 60 52 78 58 79 41 35 55 80 72 38 30 4 75 22 6 19 59 2 29 21 49 54 44 46 25 8 64 48 14 37 13 66 70 34 33 68 20 24 28 31 5 45 39 71 76 18 42 17 51 32 67 50 73 1 26 61 40 47 53 56 3 9 27 77 69 65 62 15 16 36 43 57 10 63 74 7 
FITNESS: 7518

Order nr.0: 0 1 32 35 44 42 51 52 62 61 63 54 55 56 57 67 68 80 46 48 39 29 27 26 18 17 14 13 12 11 2 4 8 9 0 
Order nr.1: 0 1 3 5 20 30 28 25 24 13 33 34 35 38 47 43 62 64 56 60 80 0 
Order nr.2: 0 11 12 13 15 16 26 25 24 42 43 33 35 36 45 48 80 77 75 65 64 74 73 63 53 61 66 57 58 60 40 29 19 18 17 10 9 7 5 4 0 
Order nr.3: 0 12 22 21 32 33 34 44 42 53 58 50 38 29 28 27 26 25 23 17 19 0 
Order nr.4: 0 1 2 3 5 8 9 10 20 18 17 16 15 13 12 32 42 71 72 73 63 55 57 77 66 67 69 59 26 27 29 40 38 35 45 43 47 0 
Order nr.5: 0 3 4 5 6 8 9 10 19 17 28 26 24 14 12 11 31 33 45 46 48 38 40 60 58 57 56 55 54 64 74 73 72 71 76 66 67 77 78 80 69 0 
Order nr.6: 0 5 6 7 15 22 0 
Order nr.7: 0 2 3 4 8 10 19 29 39 68 67 74 71 53 41 42 46 36 35 33 31 21 12 14 16 27 28 23 0 
Order nr.8: 0 1 12 14 15 24 21 32 34 44 45 36 37 39 49 50 70 79 68 57 63 71 2 4 20 0 
Order nr.9: 0 2 4 5 7 9 10 20 19 18 16 15 13 12 22 21 32 34 35 36 46 47 59 69 67 75 55 53 52 62 61 51 27 0 
Order nr.10: 0 1 4 5 6 9 10 20 19 18 15 25 24 31 34 35 36 46 47 49 39 59 58 54 51 71 73 65 66 76 78 68 70 80 0 
Order nr.11: 0 2 12 0 
Order nr.12: 0 1 11 0 
Order nr.13: 0 1 3 4 0 
Order nr.14: 0 3 2 11 13 14 23 0 
Order nr.15: 0 1 4 5 6 7 8 9 10 20 30 28 27 26 24 12 21 33 34 35 36 37 39 40 50 60 70 80 56 54 52 51 43 44 0 
Order nr.16: 0 1 2 3 4 6 7 9 19 18 16 15 13 23 26 27 29 30 40 39 36 43 42 41 31 11 62 65 66 76 75 78 70 59 56 54 0 
Order nr.17: 0 1 2 6 9 10 19 18 30 49 59 70 76 74 73 72 61 55 53 42 43 33 31 14 0 
Order nr.18: 0 3 4 7 8 20 18 16 24 41 51 54 65 79 69 50 48 46 45 43 42 36 38 0 
Order nr.19: 0 1 11 13 14 16 17 18 27 26 25 23 22 33 43 44 42 52 53 63 64 74 75 55 79 48 47 46 36 40 9 8 4 2 0 
Order nr.20: 0 11 21 32 34 44 45 49 70 65 63 62 72 54 53 41 25 24 14 16 2 6 0 
Order nr.21: 0 1 3 5 6 10 30 28 18 25 24 22 31 33 37 49 48 45 44 41 71 72 62 64 55 57 68 80 0 
Order nr.22: 0 32 37 17 16 8 0 
