BEST: 0 11 23 12 60 52 78 58 79 41 7 55 80 72 2 30 4 14 37 44 70 59 38 29 48 21 49 54 46 25 45 39 75 22 24 6 66 5 34 33 68 20 13 28 35 31 32 53 71 76 18 42 69 51 47 67 50 73 1 26 61 40 19 65 56 3 9 27 77 43 10 63 8 64 15 16 36 17 57 74 62 
FITNESS: 7084

Order nr.0: 0 1 2 4 11 12 13 22 24 27 29 30 39 48 47 46 45 34 33 32 42 51 61 54 55 56 57 67 77 68 19 10 9 8 0 
Order nr.1: 0 1 3 5 10 18 17 26 25 28 38 60 56 54 64 62 72 42 43 31 13 0 
Order nr.2: 0 11 12 13 15 16 17 27 26 25 29 40 48 47 37 36 35 34 44 43 42 53 64 65 75 76 66 57 58 60 70 69 61 32 33 4 5 7 9 10 0 
Order nr.3: 0 12 14 24 23 21 32 34 35 45 38 29 28 27 26 17 18 19 50 58 53 0 
Order nr.4: 0 1 2 3 5 8 9 19 29 27 24 15 16 13 12 31 32 33 34 44 43 42 47 37 38 40 80 70 59 57 67 66 75 74 62 52 55 0 
Order nr.5: 0 3 4 5 6 8 9 10 48 60 70 80 78 67 66 76 75 74 73 71 64 58 57 56 55 52 32 44 46 35 37 38 40 30 28 27 25 22 12 11 17 0 
Order nr.6: 0 5 6 7 15 14 0 
Order nr.7: 0 2 3 4 8 19 17 16 12 22 23 21 41 42 44 34 35 36 39 30 29 28 80 68 67 76 73 53 0 
Order nr.8: 0 1 2 4 12 22 21 24 25 15 18 20 39 49 50 47 37 36 45 62 63 68 79 80 57 0 
Order nr.9: 0 2 4 5 7 9 19 18 16 15 14 13 12 21 31 33 35 36 44 42 51 52 53 54 55 59 69 67 77 62 61 24 30 0 
Order nr.10: 0 1 4 5 6 9 10 18 15 25 26 30 39 49 59 58 68 78 80 75 65 66 63 62 73 71 51 42 44 46 36 35 33 31 0 
Order nr.11: 0 2 12 0 
Order nr.12: 0 1 11 0 
Order nr.13: 0 1 3 4 0 
Order nr.14: 0 3 2 11 13 23 22 0 
Order nr.15: 0 1 12 21 42 43 44 45 46 36 39 40 50 60 56 77 72 62 63 51 25 27 28 18 17 19 20 10 9 8 7 6 5 4 0 
Order nr.16: 0 1 2 3 4 6 7 9 19 29 27 16 15 13 23 11 41 43 33 34 35 36 46 39 40 59 69 78 66 65 63 73 72 71 54 56 0 
Order nr.17: 0 1 2 6 9 17 22 33 34 35 44 43 49 59 78 76 75 55 53 63 73 74 72 61 0 
Order nr.18: 0 3 4 7 8 30 50 48 46 36 37 38 34 33 43 41 51 52 62 65 79 25 16 0 
Order nr.19: 0 1 11 13 14 16 17 27 26 23 22 31 32 33 34 36 47 48 45 43 53 55 64 76 77 79 69 40 30 19 9 8 4 2 0 
Order nr.20: 0 2 6 18 16 26 25 24 22 21 11 41 53 54 74 63 65 49 47 46 45 37 0 
Order nr.21: 0 1 3 5 6 10 20 17 14 25 26 28 37 48 49 45 44 41 54 55 57 68 80 74 73 72 64 33 0 
Order nr.22: 0 32 24 16 20 8 0 
