BEST: 0 11 23 12 60 52 78 58 79 41 35 80 55 29 59 19 44 37 14 2 30 38 72 4 48 21 49 54 46 25 8 64 75 22 24 33 66 70 34 13 31 20 3 6 51 5 45 47 71 76 18 16 28 7 32 67 50 43 1 26 61 40 53 65 56 15 9 27 77 57 10 63 39 62 73 36 42 17 69 74 68 
FITNESS: 7028

Order nr.0: 0 1 11 12 22 21 24 16 27 29 40 39 48 47 46 35 34 33 32 61 62 74 76 77 67 68 56 55 54 53 2 4 9 8 0 
Order nr.1: 0 1 3 5 18 17 15 25 26 28 30 39 38 47 60 56 64 72 52 53 22 0 
Order nr.2: 0 4 5 7 9 10 20 39 36 48 80 70 60 58 57 66 75 74 64 61 62 53 52 51 42 43 45 44 34 33 32 11 12 22 23 25 26 27 29 18 0 
Order nr.3: 0 11 13 14 16 17 18 19 29 28 27 26 24 32 43 44 34 38 40 50 58 0 
Order nr.4: 0 1 2 3 5 8 9 10 20 29 27 16 15 24 23 22 32 33 34 45 38 39 59 70 80 78 67 66 65 74 73 72 62 52 55 51 11 0 
Order nr.5: 0 11 12 21 31 32 43 45 46 48 38 60 70 80 78 58 56 55 54 64 69 67 66 65 75 74 73 71 51 53 25 27 28 18 10 9 8 6 5 4 3 0 
Order nr.6: 0 5 6 7 20 19 0 
Order nr.7: 0 11 21 31 41 43 44 46 36 35 34 39 29 28 18 16 14 13 23 2 3 4 8 10 68 67 75 73 0 
Order nr.8: 0 1 11 21 24 25 15 14 17 20 40 50 49 79 68 74 73 63 62 45 35 36 37 4 2 0 
Order nr.9: 0 2 4 5 7 9 10 20 19 17 16 15 14 24 23 22 11 33 43 44 46 47 36 39 59 57 55 76 77 78 67 61 72 0 
Order nr.10: 0 1 4 5 6 9 10 20 17 15 25 26 31 33 35 36 46 49 39 59 58 68 69 66 76 73 72 71 51 42 43 53 54 63 0 
Order nr.11: 0 11 2 0 
Order nr.12: 0 1 12 0 
Order nr.13: 0 1 3 4 0 
Order nr.14: 0 2 3 12 13 22 21 0 
Order nr.15: 0 1 11 14 15 16 17 18 28 27 25 30 40 39 37 36 35 50 60 80 77 76 56 54 53 63 52 4 5 6 7 8 9 10 0 
Order nr.16: 0 1 2 3 4 6 7 9 20 30 29 27 16 13 12 22 23 31 41 42 43 33 34 35 36 47 59 69 80 66 56 57 54 52 63 71 0 
Order nr.17: 0 1 2 6 9 10 18 30 49 59 69 65 75 63 61 51 52 55 43 44 34 33 31 21 0 
Order nr.18: 0 3 4 7 8 50 79 78 76 54 52 41 42 45 46 48 38 36 34 33 23 25 15 0 
Order nr.19: 0 1 2 4 8 9 19 18 16 26 27 40 48 46 36 34 33 32 21 22 23 13 12 52 62 72 75 77 79 80 57 55 64 44 0 
Order nr.20: 0 21 23 62 63 65 54 41 42 44 45 47 49 40 17 26 25 24 14 12 2 6 0 
Order nr.21: 0 1 3 5 6 10 19 18 28 26 25 30 40 37 45 47 48 49 68 73 74 64 65 55 53 41 31 33 0 
Order nr.22: 0 24 23 32 37 8 0 
