epoch;best_distance;avg_best_10%;median;avg_worst_10%;avg;worst_distance;std_deviation;conflict_percentage;avgDiff;0Diff;02Diff
0;21671.417;21671.417;23124.997;24309.764;23016.467;24309.764;959.342;34.986;33.215;.000;.000
1;21671.417;21671.417;22610.032;23951.437;22682.733;23951.437;857.623;35.162;33.770;.000;.000
2;21245.769;21245.769;22313.737;23951.437;22372.745;23951.437;901.358;32.541;32.130;.000;.000
3;21008.729;21008.729;21806.864;23176.675;21817.632;23176.675;637.254;32.811;32.500;.000;.000
4;20479.127;20479.127;21245.769;21826.574;21119.456;21826.574;481.465;33.284;32.565;.000;.000
5;20163.713;20163.713;20685.267;21474.063;20816.013;21474.063;423.473;32.514;32.885;.000;.000
6;19854.022;19854.022;20659.765;21474.063;20724.353;21474.063;520.757;31.770;33.150;.000;.000
7;19741.488;19741.488;20639.884;21201.578;20538.351;21201.578;421.896;32.743;32.655;.000;.000
8;19741.488;19741.488;20449.899;20659.765;20322.122;20659.765;314.367;33.568;32.800;.000;.000
9;18406.124;18406.124;20375.652;20657.910;20028.411;20657.910;664.764;30.824;31.845;.000;.000
10;18406.124;18406.124;20163.713;20657.910;19969.795;20657.910;656.535;31.324;31.775;.000;.000
11;18406.124;18406.124;20027.297;20657.910;19797.825;20657.910;752.201;29.122;30.490;.000;.000
12;18406.124;18406.124;19518.229;20657.910;19547.140;20657.910;815.864;32.270;33.135;.000;.000
13;18406.124;18406.124;19398.098;20657.910;19520.002;20657.910;821.427;32.473;33.065;.000;.000
14;18406.124;18406.124;19398.098;20657.910;19520.002;20657.910;821.427;31.676;32.220;.000;.000
15;18111.520;18111.520;19149.322;20657.910;19371.607;20657.910;915.565;30.338;31.220;.000;.000
16;18111.520;18111.520;19090.615;20308.765;19164.530;20308.765;792.589;30.635;31.915;.000;.000
17;18111.520;18111.520;18824.077;20187.858;18972.322;20187.858;678.660;32.149;32.290;.000;.000
18;17755.510;17755.510;18824.077;20187.858;18858.056;20187.858;799.390;31.311;31.775;.000;.000
19;17755.510;17755.510;18706.524;20187.858;18753.296;20187.858;740.373;30.757;31.960;.000;.000
20;17755.510;17755.510;18706.524;20187.858;18753.296;20187.858;740.373;30.797;30.985;.000;.000
21;17755.510;17755.510;18675.033;20187.858;18737.633;20187.858;738.435;29.811;31.095;.000;.000
22;17578.867;17578.867;18658.697;20187.858;18631.491;20187.858;763.659;31.257;31.575;.000;.000
23;17578.867;17578.867;18405.326;19423.576;18369.365;19423.576;521.475;28.824;29.920;.000;.000
24;16223.231;16223.231;18405.326;19423.576;18214.292;19423.576;845.617;28.784;29.870;.000;.000
25;16223.231;16223.231;18371.150;19423.576;18202.742;19423.576;843.504;29.662;29.780;.000;.000
26;16223.231;16223.231;18179.752;19423.576;18123.109;19423.576;833.255;30.014;30.430;.000;.000
27;16223.231;16223.231;18125.806;19217.474;18041.900;19217.474;774.400;30.027;30.425;.000;.000
28;16223.231;16223.231;18050.949;19217.474;17848.088;19217.474;810.475;29.041;29.290;.000;.000
29;16223.231;16223.231;17811.554;19217.474;17767.534;19217.474;821.541;28.932;29.740;.000;.000
30;16223.231;16223.231;17578.867;19217.474;17652.748;19217.474;877.781;27.122;29.150;.000;.000
31;16223.231;16223.231;17514.589;18797.209;17541.758;18797.209;832.325;28.581;30.435;.000;.000
32;16223.231;16223.231;17132.032;18797.209;17444.516;18797.209;890.616;26.486;29.415;.000;.000
33;16223.231;16223.231;17132.032;18591.666;17413.148;18591.666;841.871;26.324;29.265;.000;.000
34;16223.231;16223.231;17049.002;18591.666;17241.704;18591.666;737.564;24.432;28.635;.000;.000
35;16223.231;16223.231;17049.002;18591.666;17236.587;18591.666;740.162;25.514;28.435;.000;.000
36;15920.090;15920.090;17049.002;18316.181;17069.355;18316.181;752.733;26.514;29.985;.000;.000
37;15694.811;15694.811;17049.002;18316.181;16929.533;18316.181;729.224;26.054;28.700;.000;.000
38;15694.811;15694.811;16653.167;18316.181;16830.407;18316.181;731.296;25.068;28.325;.000;.000
39;15694.811;15694.811;16653.167;18316.181;16780.154;18316.181;770.487;23.405;26.715;.000;.000
40;15694.811;15694.811;16542.162;18316.181;16657.044;18316.181;757.873;24.432;28.970;.000;.000
41;15694.811;15694.811;16542.162;18316.181;16657.044;18316.181;757.873;24.189;26.910;.000;.000
42;15586.364;15586.364;16465.385;18222.570;16542.060;18222.570;797.936;25.865;28.600;.000;.000
43;15586.364;15586.364;16465.385;17629.739;16433.534;17629.739;625.288;23.946;28.410;.000;.000
44;15586.364;15586.364;16465.385;17629.739;16405.969;17629.739;641.456;23.946;27.630;.000;.000
45;15586.364;15586.364;16465.385;17629.739;16405.969;17629.739;641.456;25.189;29.030;.000;.000
46;15586.364;15586.364;16465.385;17629.739;16405.969;17629.739;641.456;26.189;29.550;.000;.000
47;15586.364;15586.364;16329.540;17629.739;16331.895;17629.739;675.688;25.811;29.115;.000;.000
48;15586.364;15586.364;16329.540;17629.739;16331.443;17629.739;675.975;25.973;29.085;.000;.000
49;15501.493;15501.493;16329.540;17629.739;16321.044;17629.739;684.395;24.527;27.685;.000;.000
50;15383.365;15383.365;15995.820;17129.226;16099.596;17129.226;581.380;25.878;28.700;.000;.000
51;14787.388;14787.388;15995.820;17129.226;15998.357;17129.226;648.534;26.622;28.100;.000;.000
52;14787.388;14787.388;15943.060;17007.028;15934.204;17007.028;626.377;24.392;27.855;.000;.000
53;14787.388;14787.388;15694.811;17007.028;15779.438;17007.028;722.685;23.662;27.295;.000;.000
54;14576.509;14576.509;15692.121;16542.162;15611.813;16542.162;730.358;24.351;26.430;.000;.000
55;14576.509;14576.509;15692.121;16542.162;15611.813;16542.162;730.358;25.365;28.220;.000;.000
56;14576.509;14576.509;15692.121;16542.162;15611.813;16542.162;730.358;22.919;25.735;.000;.000
57;14576.509;14576.509;15692.121;16542.162;15608.921;16542.162;726.681;23.811;25.235;.000;.000
58;14576.509;14576.509;15692.121;16542.162;15581.930;16542.162;729.204;24.689;26.430;.000;.000
59;14502.488;14502.488;15692.121;16542.162;15522.007;16542.162;706.870;24.189;25.005;.000;.000
60;14188.473;14188.473;15692.121;16542.162;15482.958;16542.162;753.012;24.514;25.025;.000;.000
61;14188.473;14188.473;15692.121;16542.162;15482.958;16542.162;753.012;21.797;24.050;.000;.000
62;14188.473;14188.473;15692.121;16542.162;15482.958;16542.162;753.012;22.973;24.200;.000;.000
63;14188.473;14188.473;15692.121;16542.162;15482.958;16542.162;753.012;23.446;24.405;.000;.000
64;14188.473;14188.473;15463.725;16542.162;15424.224;16542.162;758.981;23.270;24.600;.000;.000
65;14188.473;14188.473;15463.725;16542.162;15371.676;16542.162;712.110;22.554;23.655;.000;.000
66;14188.473;14188.473;15463.725;16542.162;15356.916;16542.162;698.851;22.838;23.570;.000;.000
67;14188.473;14188.473;15463.725;16542.162;15354.643;16542.162;697.164;23.446;25.685;.000;.000
68;14188.473;14188.473;15463.725;16445.730;15329.272;16445.730;671.333;21.986;23.965;.000;.000
69;14188.473;14188.473;15463.725;16445.730;15300.601;16445.730;700.212;24.135;24.920;.000;.000
70;14188.473;14188.473;15463.725;16445.730;15260.998;16445.730;706.400;24.959;25.615;.000;.000
71;14188.473;14188.473;15463.725;16445.730;15229.687;16445.730;733.590;23.338;25.120;.000;.000
72;14188.473;14188.473;15135.636;16384.886;15147.430;16384.886;741.706;24.203;25.000;.000;.000
73;13240.845;13240.845;15135.636;16384.886;15024.399;16384.886;902.230;24.405;24.820;.000;.000
74;13240.845;13240.845;15135.636;16384.886;15017.556;16384.886;907.128;25.824;25.840;.000;.000
75;13240.845;13240.845;15135.636;16384.886;14987.594;16384.886;886.285;22.297;24.715;.000;.000
76;13240.845;13240.845;15135.636;16384.886;14929.605;16384.886;882.867;23.243;24.215;.000;.000
77;13240.845;13240.845;15135.636;15621.509;14757.488;15621.509;793.240;22.797;23.720;.000;.000
78;13240.845;13240.845;15135.636;15621.509;14757.488;15621.509;793.240;20.824;22.705;.000;.000
79;13240.845;13240.845;15135.636;15621.509;14757.488;15621.509;793.240;23.743;24.480;.000;.000
80;13240.845;13240.845;14914.299;15621.509;14619.143;15621.509;812.663;23.149;25.410;.000;.000
81;13240.845;13240.845;14765.513;15621.509;14574.259;15621.509;778.448;23.297;24.035;.000;.000
82;13240.845;13240.845;14765.513;15621.509;14559.152;15621.509;780.523;23.824;24.220;.000;.000
83;13240.845;13240.845;14765.513;15339.182;14530.919;15339.182;741.981;23.054;23.345;.000;.000
84;13240.845;13240.845;14765.513;15339.182;14528.418;15339.182;742.532;24.446;24.460;.000;.000
85;12927.777;12927.777;14765.513;15339.182;14443.651;15339.182;825.964;26.014;25.550;.000;.000
86;12927.777;12927.777;14765.513;15339.182;14443.651;15339.182;825.964;23.243;25.960;.000;.000
87;12927.777;12927.777;14765.513;15339.182;14431.836;15339.182;831.377;22.932;24.725;.000;.000
88;12927.777;12927.777;14765.513;15339.182;14424.586;15339.182;839.845;25.351;27.105;.000;.000
89;12927.777;12927.777;14765.513;15339.182;14424.586;15339.182;839.845;25.324;26.320;.000;.000
90;12927.777;12927.777;14765.513;15339.182;14399.024;15339.182;873.855;23.716;26.235;.000;.000
91;12045.019;12045.019;14765.513;15339.182;14310.748;15339.182;1063.090;24.324;25.830;.000;.000
92;12045.019;12045.019;14550.281;15244.435;14191.055;15244.435;1049.486;24.068;25.260;.000;.000
93;12045.019;12045.019;14550.281;15170.359;14147.344;15170.359;1022.243;23.068;25.655;.000;.000
94;12045.019;12045.019;14550.281;15170.359;14147.344;15170.359;1022.243;24.568;27.250;.000;.000
95;12045.019;12045.019;14550.281;15170.359;14127.485;15170.359;1025.322;22.851;27.000;.000;.000
96;12045.019;12045.019;14448.975;15170.359;14050.645;15170.359;968.908;24.135;27.225;.000;.000
97;11798.158;11798.158;14448.975;15170.359;14025.959;15170.359;1027.084;23.689;27.870;.000;.000
98;11798.158;11798.158;14448.975;15016.371;13971.364;15016.371;973.786;22.959;26.860;.000;.000
99;11798.158;11798.158;14174.260;15016.371;13919.037;15016.371;944.034;24.176;27.200;.000;.000
100;11798.158;11798.158;14174.260;15016.371;13919.037;15016.371;944.034;22.811;26.370;.000;.000
101;11798.158;11798.158;14174.260;15016.371;13909.951;15016.371;938.790;23.703;25.520;.000;.000
102;11798.158;11798.158;14174.260;15016.371;13909.951;15016.371;938.790;22.514;25.095;.000;.000
103;11798.158;11798.158;14174.260;15016.371;13900.833;15016.371;934.386;24.797;27.330;.000;.000
104;11798.158;11798.158;14174.260;15016.371;13900.833;15016.371;934.386;22.703;26.790;.000;.000
105;11798.158;11798.158;14174.260;15016.371;13900.833;15016.371;934.386;23.378;26.025;.000;.000
106;11798.158;11798.158;14174.260;15016.371;13883.503;15016.371;936.106;25.568;27.515;.000;.000
107;11798.158;11798.158;14174.260;15016.371;13883.503;15016.371;936.106;23.892;26.890;.000;.000
108;11798.158;11798.158;14174.260;15016.371;13883.503;15016.371;936.106;22.986;26.680;.000;.000
109;11798.158;11798.158;14156.032;15016.371;13749.496;15016.371;965.580;24.622;26.130;.000;.000
110;11798.158;11798.158;13786.369;15016.371;13659.198;15016.371;921.724;23.608;27.125;.000;.000
111;11798.158;11798.158;13786.369;15016.371;13612.472;15016.371;890.530;22.919;25.900;.000;.000
112;11798.158;11798.158;13786.369;15016.371;13612.472;15016.371;890.530;24.865;27.680;.000;.000
113;11798.158;11798.158;13786.369;15016.371;13563.222;15016.371;876.032;25.311;28.360;.000;.000
114;11798.158;11798.158;13502.503;15016.371;13511.963;15016.371;860.360;23.257;26.680;.000;.000
115;11798.158;11798.158;13502.503;15016.371;13511.963;15016.371;860.360;25.527;27.530;.000;.000
116;11798.158;11798.158;13441.458;15016.371;13504.635;15016.371;859.669;24.581;27.460;.000;.000
117;11798.158;11798.158;13390.036;15016.371;13476.914;15016.371;844.946;22.797;26.840;.000;.000
118;11798.158;11798.158;13390.036;15016.371;13476.914;15016.371;844.946;24.865;26.770;.000;.000
119;11798.158;11798.158;13390.036;15016.371;13476.914;15016.371;844.946;23.527;25.425;.000;.000
120;11798.158;11798.158;13390.036;15016.371;13476.914;15016.371;844.946;24.270;27.205;.000;.000
121;11798.158;11798.158;13390.036;15016.371;13442.817;15016.371;856.614;24.365;27.745;.000;.000
122;11798.158;11798.158;13390.036;15016.371;13442.817;15016.371;856.614;25.297;28.430;.000;.000
123;11798.158;11798.158;13390.036;15016.371;13442.817;15016.371;856.614;25.676;28.410;.000;.000
124;11798.158;11798.158;13390.036;15016.371;13442.817;15016.371;856.614;25.649;27.805;.000;.000
125;11798.158;11798.158;13390.036;15016.371;13423.417;15016.371;850.142;22.824;26.545;.000;.000
126;11798.158;11798.158;13312.551;15016.371;13255.096;15016.371;887.585;24.405;27.930;.000;.000
127;11798.158;11798.158;13312.551;15016.371;13255.096;15016.371;887.585;24.243;27.440;.000;.000
128;11798.158;11798.158;13293.953;15016.371;13253.236;15016.371;887.471;23.257;27.870;.000;.000
129;11798.158;11798.158;13293.953;15016.371;13253.236;15016.371;887.471;24.311;27.985;.000;.000
130;11798.158;11798.158;13293.953;15016.371;13225.699;15016.371;908.177;22.635;28.005;.000;.000
131;11798.158;11798.158;13293.953;15016.371;13225.699;15016.371;908.177;24.486;26.540;.000;.000
132;11798.158;11798.158;13293.953;14887.504;13174.815;14887.504;897.364;23.554;26.980;.000;.000
133;11798.158;11798.158;13293.953;14887.504;13174.815;14887.504;897.364;24.568;26.885;.000;.000
134;11798.158;11798.158;13289.980;14887.504;13174.418;14887.504;897.307;26.365;28.150;.000;.000
135;11798.158;11798.158;13289.980;14887.504;13157.239;14887.504;892.109;23.270;27.195;.000;.000
136;11798.158;11798.158;12993.323;14887.504;13066.548;14887.504;922.689;22.054;25.120;.000;.000
137;11798.158;11798.158;12993.323;14887.504;13039.686;14887.504;947.139;23.757;25.770;.000;.000
138;11798.158;11798.158;12993.323;14887.504;13007.745;14887.504;966.293;23.919;27.435;.000;.000
139;11798.158;11798.158;12993.323;14887.504;12997.879;14887.504;973.909;26.230;28.115;.000;.000
140;11798.158;11798.158;12993.323;14887.504;12997.879;14887.504;973.909;26.635;26.680;.000;.000
141;11798.158;11798.158;12993.323;14887.504;12997.879;14887.504;973.909;26.338;26.805;.000;.000
142;11798.158;11798.158;12993.323;14887.504;12997.879;14887.504;973.909;25.797;26.875;.000;.000
143;11798.158;11798.158;12993.323;14887.504;12997.879;14887.504;973.909;25.378;27.485;.000;.000
144;11798.158;11798.158;12946.330;14887.504;12993.179;14887.504;974.047;24.270;26.515;.000;.000
145;11798.158;11798.158;12946.330;14887.504;12993.179;14887.504;974.047;25.716;27.270;.000;.000
146;11798.158;11798.158;12946.330;14887.504;12904.481;14887.504;978.776;23.446;26.530;.000;.000
147;11798.158;11798.158;12946.330;14887.504;12904.481;14887.504;978.776;25.189;27.420;.000;.000
148;11798.158;11798.158;12946.330;14887.504;12872.617;14887.504;966.630;23.662;27.045;.000;.000
149;11798.158;11798.158;12946.330;14887.504;12872.617;14887.504;966.630;26.662;28.865;.000;.000
150;11798.158;11798.158;12946.330;14887.504;12872.617;14887.504;966.630;26.500;28.530;.000;.000
151;11798.158;11798.158;12946.330;14887.504;12867.110;14887.504;971.640;24.878;27.910;.000;.000
152;11798.158;11798.158;12946.330;14887.504;12867.110;14887.504;971.640;23.378;26.695;.000;.000
153;11798.158;11798.158;12946.330;14887.504;12863.651;14887.504;975.696;23.622;28.280;.000;.000
154;11714.661;11714.661;12946.330;14887.504;12849.222;14887.504;992.298;21.338;26.160;.000;.000
155;11536.968;11536.968;12946.330;14887.504;12809.480;14887.504;1038.043;23.622;26.910;.000;.000
156;11536.968;11536.968;12946.330;14817.369;12799.235;14817.369;1019.838;24.365;27.870;.000;.000
157;11536.968;11536.968;12946.330;14817.369;12766.385;14817.369;1020.513;23.986;27.300;.000;.000
158;11346.280;11346.280;12946.330;14817.369;12720.428;14817.369;1076.104;22.216;26.140;.000;.000
159;11346.280;11346.280;12946.330;14817.369;12720.428;14817.369;1076.104;22.784;26.175;.000;.000
160;11218.359;11218.359;12946.330;14817.369;12684.452;14817.369;1122.222;23.595;25.425;.000;.000
161;11218.359;11218.359;12662.874;14817.369;12630.055;14817.369;1105.097;21.176;24.270;.000;.000
162;11218.359;11218.359;12662.874;14817.369;12567.518;14817.369;1133.525;22.000;23.840;.000;.000
163;11218.359;11218.359;12662.874;14817.369;12567.518;14817.369;1133.525;23.081;25.255;.000;.000
164;11218.359;11218.359;12662.874;14817.369;12566.275;14817.369;1132.753;21.730;25.470;.000;.000
165;11098.117;11098.117;12662.874;14817.369;12507.770;14817.369;1129.657;21.770;24.055;.000;.000
166;11098.117;11098.117;12662.874;14817.369;12499.419;14817.369;1137.207;22.027;24.945;.000;.000
167;11098.117;11098.117;12662.874;14817.369;12487.692;14817.369;1145.473;22.689;24.600;.000;.000
168;11098.117;11098.117;12662.874;14817.369;12487.692;14817.369;1145.473;22.824;25.275;.000;.000
169;11098.117;11098.117;12662.874;14817.369;12487.692;14817.369;1145.473;19.473;21.820;.000;.000
170;11098.117;11098.117;12657.609;14817.369;12487.165;14817.369;1145.385;21.649;23.770;.000;.000
171;11098.117;11098.117;12657.609;14817.369;12483.681;14817.369;1148.635;21.027;22.825;.000;.000
172;11098.117;11098.117;12383.073;14817.369;12428.573;14817.369;1145.126;21.568;23.655;.000;.000
173;11098.117;11098.117;12383.073;14817.369;12423.872;14817.369;1144.629;21.284;24.320;.000;.000
174;11098.117;11098.117;12383.073;14817.369;12420.366;14817.369;1147.121;22.419;25.135;.000;.000
175;11098.117;11098.117;12383.073;14817.369;12420.366;14817.369;1147.121;22.541;24.155;.000;.000
176;11098.117;11098.117;12383.073;14817.369;12420.366;14817.369;1147.121;20.311;22.945;.000;.000
177;11098.117;11098.117;12262.791;14817.369;12390.331;14817.369;1148.580;23.622;25.950;.000;.000
178;11098.117;11098.117;12219.439;14817.369;12385.091;14817.369;1149.346;22.270;23.590;.000;.000
179;11098.117;11098.117;12219.439;14817.369;12385.091;14817.369;1149.346;20.919;23.445;.000;.000
180;11098.117;11098.117;12219.439;14817.369;12381.665;14817.369;1149.976;23.149;25.095;.000;.000
181;11098.117;11098.117;12219.439;14817.369;12372.465;14817.369;1152.168;22.203;23.165;.000;.000
182;11098.117;11098.117;12219.439;14817.369;12372.233;14817.369;1152.233;21.824;22.320;.000;.000
183;11098.117;11098.117;12219.439;14817.369;12372.233;14817.369;1152.233;22.081;24.445;.000;.000
184;10851.509;10851.509;12219.439;14817.369;12345.349;14817.369;1185.289;22.797;25.435;.000;.000
185;10851.509;10851.509;12219.439;14817.369;12323.168;14817.369;1193.279;21.811;24.755;.000;.000
186;10851.509;10851.509;12219.439;14817.369;12302.675;14817.369;1204.250;24.189;25.915;.000;.000
187;10851.509;10851.509;12219.439;14817.369;12302.675;14817.369;1204.250;23.932;24.850;.000;.000
188;10851.509;10851.509;12219.439;14817.369;12302.675;14817.369;1204.250;24.081;25.130;.000;.000
189;10851.509;10851.509;12219.439;14817.369;12302.675;14817.369;1204.250;25.284;25.100;.000;.000
190;10851.509;10851.509;12219.439;14817.369;12302.675;14817.369;1204.250;24.757;25.390;.000;.000
191;10851.509;10851.509;12219.439;14817.369;12302.675;14817.369;1204.250;23.946;25.405;.000;.000
192;10851.509;10851.509;12219.439;14817.369;12302.675;14817.369;1204.250;23.176;24.610;.000;.000
193;10851.509;10851.509;12219.439;14817.369;12302.675;14817.369;1204.250;24.297;25.235;.000;.000
194;10851.509;10851.509;12219.439;14817.369;12299.644;14817.369;1206.160;24.257;25.005;.000;.000
195;10851.509;10851.509;12219.439;14817.369;12299.644;14817.369;1206.160;23.986;25.310;.000;.000
196;10851.509;10851.509;12219.439;14817.369;12299.644;14817.369;1206.160;23.824;26.075;.000;.000
197;10851.509;10851.509;12219.439;14817.369;12275.094;14817.369;1220.720;23.905;24.690;.000;.000
198;10851.509;10851.509;12219.439;14817.369;12264.221;14817.369;1220.548;23.108;25.480;.000;.000
199;10851.509;10851.509;12219.439;14817.369;12264.221;14817.369;1220.548;22.324;23.930;.000;.000
0;23016.467;24561.613;27711.851;30785.816;27710.426;32133.214;1782.842;34.986;33.215;.000;.000
1;22682.733;23928.111;27067.449;29078.928;26872.883;29832.881;1498.424;35.162;33.770;.000;.000
2;22372.745;23509.380;26478.355;28208.378;26274.683;29264.293;1398.741;32.541;32.130;.000;.000
3;21817.632;23114.469;25985.535;27727.274;25774.228;28864.324;1362.166;32.811;32.500;.000;.000
4;21119.456;22521.653;25530.802;27097.351;25250.584;28270.460;1351.670;33.284;32.565;.000;.000
5;20816.013;21989.863;24988.814;26504.251;24749.374;27211.585;1333.851;32.514;32.885;.000;.000
6;20724.353;21780.688;24595.786;26403.642;24384.304;28036.916;1336.729;31.770;33.150;.000;.000
7;20538.351;21431.759;24183.362;25989.081;23983.127;27345.490;1316.823;32.743;32.655;.000;.000
8;20322.122;21208.794;23880.927;25669.734;23664.020;27100.875;1279.287;33.568;32.800;.000;.000
9;20028.411;20973.572;23606.047;25368.955;23383.861;26890.429;1259.781;30.824;31.845;.000;.000
10;19969.795;20807.431;23314.993;25363.088;23148.885;26875.597;1280.763;31.324;31.775;.000;.000
11;19797.825;20673.009;22999.816;25006.532;22884.541;26656.105;1227.648;29.122;30.490;.000;.000
12;19547.140;20448.112;22768.822;24744.427;22629.003;26362.149;1208.507;32.270;33.135;.000;.000
13;19520.002;20409.712;22586.336;24688.001;22488.278;26066.035;1174.160;32.473;33.065;.000;.000
14;19520.002;20322.147;22366.545;24731.675;22343.074;26661.331;1204.161;31.676;32.220;.000;.000
15;19371.607;20144.217;22193.234;24680.026;22196.407;26536.444;1219.469;30.338;31.220;.000;.000
16;19164.530;20030.725;22034.938;24382.318;22012.896;26362.175;1176.821;30.635;31.915;.000;.000
17;18972.322;19883.382;21871.240;24200.906;21845.306;26213.235;1162.036;32.149;32.290;.000;.000
18;18858.056;19775.789;21733.019;24352.912;21744.438;26539.548;1231.465;31.311;31.775;.000;.000
19;18753.296;19652.458;21614.112;24287.938;21609.655;26239.641;1226.285;30.757;31.960;.000;.000
20;18753.296;19576.182;21497.782;24014.568;21484.823;26128.087;1191.847;30.797;30.985;.000;.000
21;18737.633;19489.406;21367.615;23716.066;21355.715;25381.953;1125.159;29.811;31.095;.000;.000
22;18631.491;19378.571;21242.670;23775.418;21259.922;25876.153;1178.595;31.257;31.575;.000;.000
23;18369.365;19231.704;21145.388;23672.068;21137.348;25829.875;1188.125;28.824;29.920;.000;.000
24;18214.292;19109.107;21061.587;23647.994;21020.954;25642.217;1222.370;28.784;29.870;.000;.000
25;18202.742;18992.635;20903.721;23565.562;20901.958;26153.723;1233.126;29.662;29.780;.000;.000
26;18123.109;18895.719;20797.101;23581.525;20803.902;25732.028;1254.727;30.014;30.430;.000;.000
27;18041.900;18814.196;20666.625;23673.256;20737.826;25911.816;1296.343;30.027;30.425;.000;.000
28;17848.088;18690.958;20553.729;23329.238;20601.283;25086.534;1227.259;29.041;29.290;.000;.000
29;17767.534;18583.271;20451.459;23311.244;20484.288;25326.002;1262.454;28.932;29.740;.000;.000
30;17652.748;18434.446;20348.585;23232.808;20378.172;25428.627;1285.055;27.122;29.150;.000;.000
31;17541.758;18276.505;20191.401;22629.751;20177.989;24645.426;1159.966;28.581;30.435;.000;.000
32;17444.516;18126.658;20089.596;23000.800;20130.029;24997.972;1293.406;26.486;29.415;.000;.000
33;17413.148;18033.893;19930.330;22568.629;19942.435;24879.958;1215.730;26.324;29.265;.000;.000
34;17241.704;17886.183;19787.835;22480.749;19816.132;25212.287;1242.347;24.432;28.635;.000;.000
35;17236.587;17840.954;19644.106;21928.134;19627.227;23810.262;1106.927;25.514;28.435;.000;.000
36;17069.355;17750.125;19553.505;22367.459;19595.527;24400.776;1240.476;26.514;29.985;.000;.000
37;16929.533;17621.953;19468.169;22459.968;19507.636;24872.098;1307.026;26.054;28.700;.000;.000
38;16830.407;17560.094;19356.583;22119.873;19371.097;24289.669;1236.909;25.068;28.325;.000;.000
39;16780.154;17498.899;19270.414;22092.492;19282.696;24725.273;1247.143;23.405;26.715;.000;.000
40;16657.044;17384.987;19130.524;21442.538;19105.686;23362.978;1104.825;24.432;28.970;.000;.000
41;16657.044;17318.752;19000.741;21792.028;19049.560;24441.012;1220.615;24.189;26.910;.000;.000
42;16542.060;17224.019;18849.234;21809.507;18956.275;24124.040;1250.816;25.865;28.600;.000;.000
43;16433.534;17170.606;18763.984;21843.885;18897.396;23767.922;1251.507;23.946;28.410;.000;.000
44;16405.969;17090.326;18683.684;21456.499;18768.844;23412.022;1172.666;23.946;27.630;.000;.000
45;16405.969;17007.551;18608.290;21480.418;18694.849;23926.752;1212.290;25.189;29.030;.000;.000
46;16405.969;16965.411;18547.155;21545.257;18643.825;24112.224;1242.542;26.189;29.550;.000;.000
47;16331.895;16928.320;18461.861;21898.289;18631.351;24174.668;1342.014;25.811;29.115;.000;.000
48;16331.443;16874.951;18425.778;22000.465;18588.281;24070.264;1373.708;25.973;29.085;.000;.000
49;16321.044;16849.313;18350.926;21803.075;18518.116;23725.469;1333.298;24.527;27.685;.000;.000
50;16099.596;16731.614;18293.575;21890.790;18454.459;24322.667;1394.222;25.878;28.700;.000;.000
51;15998.357;16650.255;18186.064;21863.896;18417.383;24196.629;1407.858;26.622;28.100;.000;.000
52;15934.204;16628.288;18165.015;21762.443;18353.382;24049.643;1381.599;24.392;27.855;.000;.000
53;15779.438;16526.942;18097.782;21516.266;18250.357;23999.378;1348.935;23.662;27.295;.000;.000
54;15611.813;16471.360;18023.963;21015.279;18138.211;22830.911;1214.510;24.351;26.430;.000;.000
55;15611.813;16408.942;17953.130;21217.400;18103.584;23559.567;1292.180;25.365;28.220;.000;.000
56;15611.813;16346.934;17908.671;21515.363;18102.888;23840.388;1395.102;22.919;25.735;.000;.000
57;15608.921;16313.146;17818.475;20665.781;17915.649;23502.537;1198.177;23.811;25.235;.000;.000
58;15581.930;16274.563;17735.706;21307.982;17935.792;23822.662;1367.325;24.689;26.430;.000;.000
59;15522.007;16235.424;17665.997;21302.522;17875.761;23927.514;1392.123;24.189;25.005;.000;.000
60;15482.958;16191.097;17598.816;20979.643;17787.568;23522.574;1320.987;24.514;25.025;.000;.000
61;15482.958;16153.710;17558.820;20953.981;17760.593;22649.664;1311.343;21.797;24.050;.000;.000
62;15482.958;16097.229;17476.110;20609.597;17630.273;23010.084;1236.141;22.973;24.200;.000;.000
63;15482.958;16071.413;17390.296;20862.754;17623.198;22925.260;1313.078;23.446;24.405;.000;.000
64;15424.224;16031.585;17358.252;20856.085;17578.855;22878.369;1311.056;23.270;24.600;.000;.000
65;15371.676;15971.061;17317.640;20989.973;17527.397;23884.082;1399.554;22.554;23.655;.000;.000
66;15356.916;15922.591;17266.911;20688.649;17459.026;23255.821;1304.816;22.838;23.570;.000;.000
67;15354.643;15865.101;17223.024;20759.941;17427.252;23215.042;1342.066;23.446;25.685;.000;.000
68;15329.272;15836.536;17183.765;20779.192;17412.490;23148.736;1364.015;21.986;23.965;.000;.000
69;15300.601;15805.845;17136.242;20465.720;17329.584;22849.557;1277.865;24.135;24.920;.000;.000
70;15260.998;15767.223;17119.358;21036.973;17371.138;23909.361;1454.126;24.959;25.615;.000;.000
71;15229.687;15717.681;17076.969;20922.466;17325.113;23947.976;1456.045;23.338;25.120;.000;.000
72;15147.430;15647.361;16999.859;20315.629;17173.409;22318.827;1280.969;24.203;25.000;.000;.000
73;15024.399;15587.207;16949.809;20812.929;17187.216;23523.868;1447.164;24.405;24.820;.000;.000
74;15017.556;15535.834;16905.024;20716.230;17133.275;22938.079;1423.650;25.824;25.840;.000;.000
75;14987.594;15521.337;16851.021;20826.602;17126.141;23432.632;1465.961;22.297;24.715;.000;.000
76;14929.605;15460.459;16795.682;20630.007;17031.709;23443.373;1440.728;23.243;24.215;.000;.000
77;14757.488;15385.724;16749.535;20398.680;16970.281;23273.334;1396.112;22.797;23.720;.000;.000
78;14757.488;15284.264;16673.568;20305.480;16898.896;22973.300;1395.055;20.824;22.705;.000;.000
79;14757.488;15238.617;16591.134;19848.804;16750.583;22696.759;1284.271;23.743;24.480;.000;.000
80;14619.143;15195.216;16557.574;19884.093;16757.139;22560.166;1302.194;23.149;25.410;.000;.000
81;14574.259;15125.950;16511.939;20171.958;16734.229;23410.622;1407.367;23.297;24.035;.000;.000
82;14559.152;15090.331;16481.027;20110.299;16691.005;22258.899;1372.846;23.824;24.220;.000;.000
83;14530.919;15069.010;16458.996;20231.645;16708.518;22752.350;1432.187;23.054;23.345;.000;.000
84;14528.418;15055.348;16423.868;20281.060;16654.333;22802.330;1437.076;24.446;24.460;.000;.000
85;14443.651;15030.253;16406.539;20265.466;16659.128;22752.728;1451.041;26.014;25.550;.000;.000
86;14443.651;15026.197;16404.523;20498.781;16691.568;23160.184;1529.722;23.243;25.960;.000;.000
87;14431.836;14988.348;16374.325;20376.953;16638.277;23048.690;1491.304;22.932;24.725;.000;.000
88;14424.586;14933.880;16377.906;20005.366;16576.826;22535.046;1392.924;25.351;27.105;.000;.000
89;14424.586;14885.249;16363.293;20446.267;16622.484;22682.220;1527.306;25.324;26.320;.000;.000
90;14399.024;14885.769;16338.961;20544.857;16625.555;22897.449;1559.247;23.716;26.235;.000;.000
91;14310.748;14836.648;16306.024;20286.152;16549.308;23220.395;1497.323;24.324;25.830;.000;.000
92;14191.055;14794.199;16279.777;20009.495;16517.528;22740.917;1437.282;24.068;25.260;.000;.000
93;14147.344;14754.740;16239.878;20235.708;16524.655;22271.784;1503.201;23.068;25.655;.000;.000
94;14147.344;14698.605;16202.706;19957.211;16418.135;22403.474;1427.657;24.568;27.250;.000;.000
95;14127.485;14643.175;16192.758;20200.253;16444.491;23349.984;1520.325;22.851;27.000;.000;.000
96;14050.645;14598.100;16150.088;20014.651;16387.619;23031.130;1504.509;24.135;27.225;.000;.000
97;14025.959;14525.421;16098.656;20002.599;16315.846;22659.729;1499.902;23.689;27.870;.000;.000
98;13971.364;14489.633;16039.441;20035.785;16283.441;22347.782;1519.891;22.959;26.860;.000;.000
99;13919.037;14452.494;15943.676;19880.257;16206.233;22403.079;1488.270;24.176;27.200;.000;.000
100;13919.037;14435.486;15925.562;20071.680;16210.645;22821.114;1548.374;22.811;26.370;.000;.000
101;13909.951;14423.668;15907.871;19852.376;16153.731;22263.758;1494.102;23.703;25.520;.000;.000
102;13909.951;14432.635;15859.206;20183.547;16154.667;22598.696;1587.483;22.514;25.095;.000;.000
103;13900.833;14409.217;15822.646;19444.707;16048.086;22050.675;1399.825;24.797;27.330;.000;.000
104;13900.833;14395.392;15794.579;19876.762;16083.742;22052.676;1510.521;22.703;26.790;.000;.000
105;13900.833;14357.528;15727.655;19685.354;15992.017;22293.601;1471.913;23.378;26.025;.000;.000
106;13883.503;14354.136;15736.256;19660.675;15990.317;22504.795;1477.892;25.568;27.515;.000;.000
107;13883.503;14340.582;15712.884;19848.260;16020.887;22424.920;1541.876;23.892;26.890;.000;.000
108;13883.503;14335.777;15713.021;19805.309;15985.113;22652.430;1529.103;22.986;26.680;.000;.000
109;13749.496;14305.354;15675.512;19542.322;15921.774;22142.678;1478.833;24.622;26.130;.000;.000
110;13659.198;14266.649;15645.770;20222.882;15995.118;22711.783;1666.484;23.608;27.125;.000;.000
111;13612.472;14237.237;15604.384;19672.966;15903.379;21680.317;1514.597;22.919;25.900;.000;.000
112;13612.472;14231.158;15598.901;19582.401;15889.387;22689.185;1508.476;24.865;27.680;.000;.000
113;13563.222;14183.229;15593.527;19878.466;15929.160;22760.949;1603.747;25.311;28.360;.000;.000
114;13511.963;14112.473;15593.264;19741.789;15890.593;22282.068;1573.014;23.257;26.680;.000;.000
115;13511.963;14074.985;15552.204;19887.849;15852.832;22762.171;1612.972;25.527;27.530;.000;.000
116;13504.635;14021.069;15550.995;19908.952;15862.232;22861.882;1640.354;24.581;27.460;.000;.000
117;13476.914;13973.932;15534.499;19330.155;15780.657;21694.425;1484.010;22.797;26.840;.000;.000
118;13476.914;13935.215;15461.446;19220.852;15713.634;22184.372;1468.615;24.865;26.770;.000;.000
119;13476.914;13919.532;15440.150;19603.305;15747.710;21644.213;1570.930;23.527;25.425;.000;.000
120;13476.914;13896.780;15418.835;19417.609;15687.218;22489.979;1536.969;24.270;27.205;.000;.000
121;13442.817;13906.257;15417.075;19476.789;15687.833;22405.021;1547.297;24.365;27.745;.000;.000
122;13442.817;13915.975;15399.918;19532.854;15726.719;21960.363;1564.278;25.297;28.430;.000;.000
123;13442.817;13911.883;15428.291;19706.801;15736.110;22491.037;1614.947;25.676;28.410;.000;.000
124;13442.817;13921.636;15429.369;19813.173;15736.516;22277.571;1635.163;25.649;27.805;.000;.000
125;13423.417;13896.830;15415.641;20122.815;15761.408;22270.876;1727.164;22.824;26.545;.000;.000
126;13255.096;13828.424;15354.999;19399.269;15603.604;22785.831;1563.807;24.405;27.930;.000;.000
127;13255.096;13789.994;15317.981;19454.806;15589.098;22420.033;1592.075;24.243;27.440;.000;.000
128;13253.236;13767.815;15315.348;19438.528;15582.061;21809.363;1573.156;23.257;27.870;.000;.000
129;13253.236;13726.594;15256.199;19102.093;15509.029;21512.282;1486.622;24.311;27.985;.000;.000
130;13225.699;13724.808;15207.963;19274.376;15500.768;22416.604;1561.125;22.635;28.005;.000;.000
131;13225.699;13716.531;15184.131;18880.307;15422.895;21043.771;1415.768;24.486;26.540;.000;.000
132;13174.815;13702.034;15162.761;19558.537;15504.856;22096.452;1621.718;23.554;26.980;.000;.000
133;13174.815;13699.918;15176.203;19542.119;15477.428;22304.395;1624.178;24.568;26.885;.000;.000
134;13174.418;13680.743;15134.057;19593.749;15477.578;22156.940;1642.352;26.365;28.150;.000;.000
135;13157.239;13647.240;15135.476;19685.182;15487.555;22309.392;1688.617;23.270;27.195;.000;.000
136;13066.548;13625.306;15119.724;18920.983;15347.290;21543.096;1462.435;22.054;25.120;.000;.000
137;13039.686;13582.833;15082.705;19034.230;15334.353;21387.998;1500.483;23.757;25.770;.000;.000
138;13007.745;13552.928;15036.630;19131.568;15334.947;21876.618;1553.739;23.919;27.435;.000;.000
139;12997.879;13520.828;15002.913;19187.227;15323.339;21913.900;1561.163;26.230;28.115;.000;.000
140;12997.879;13510.039;15038.710;19503.257;15390.027;22339.434;1665.987;26.635;26.680;.000;.000
141;12997.879;13521.060;15062.211;19718.016;15423.778;22731.014;1735.683;26.338;26.805;.000;.000
142;12997.879;13535.555;15095.198;19769.143;15453.259;22151.579;1707.517;25.797;26.875;.000;.000
143;12997.879;13505.776;15085.968;19314.269;15382.827;21253.449;1576.517;25.378;27.485;.000;.000
144;12993.179;13504.978;15095.310;19328.301;15397.559;21602.249;1601.217;24.270;26.515;.000;.000
145;12993.179;13504.455;15085.653;19277.810;15361.081;22220.899;1606.509;25.716;27.270;.000;.000
146;12904.481;13459.067;15069.504;19370.505;15412.439;21919.714;1645.903;23.446;26.530;.000;.000
147;12904.481;13444.289;15048.163;19158.007;15330.338;22493.540;1597.420;25.189;27.420;.000;.000
148;12872.617;13439.260;15004.695;19088.080;15287.141;21531.981;1536.698;23.662;27.045;.000;.000
149;12872.617;13419.428;14990.572;19093.802;15269.929;21990.879;1564.035;26.662;28.865;.000;.000
150;12872.617;13431.349;15003.601;19685.144;15384.120;22688.102;1724.776;26.500;28.530;.000;.000
151;12867.110;13410.662;15015.875;19877.210;15393.375;22333.794;1769.269;24.878;27.910;.000;.000
152;12867.110;13401.625;15023.618;18963.997;15293.119;21922.369;1536.811;23.378;26.695;.000;.000
153;12863.651;13400.012;14997.899;18882.785;15249.988;20922.255;1487.202;23.622;28.280;.000;.000
154;12849.222;13366.235;14998.855;18723.055;15221.347;21552.257;1464.201;21.338;26.160;.000;.000
155;12809.480;13372.119;15000.704;18556.916;15162.490;20881.940;1411.457;23.622;26.910;.000;.000
156;12799.235;13337.327;14984.203;18945.815;15200.157;21655.125;1540.370;24.365;27.870;.000;.000
157;12766.385;13321.522;15010.583;19114.681;15245.165;22153.879;1588.360;23.986;27.300;.000;.000
158;12720.428;13297.347;14996.718;19216.492;15237.886;21997.488;1617.560;22.216;26.140;.000;.000
159;12720.428;13263.821;14935.238;18628.998;15108.455;21390.108;1470.035;22.784;26.175;.000;.000
160;12684.452;13236.803;14888.004;18560.805;15053.214;21953.881;1470.508;23.595;25.425;.000;.000
161;12630.055;13200.080;14864.293;18917.558;15093.605;22079.872;1587.961;21.176;24.270;.000;.000
162;12567.518;13144.887;14818.034;18350.093;14969.524;21183.501;1433.198;22.000;23.840;.000;.000
163;12567.518;13105.117;14783.260;18766.451;15019.119;21093.313;1551.158;23.081;25.255;.000;.000
164;12566.275;13073.059;14746.505;18717.417;14999.635;20972.508;1543.092;21.730;25.470;.000;.000
165;12507.770;13033.035;14746.872;18669.717;14979.132;21341.595;1537.951;21.770;24.055;.000;.000
166;12499.419;13016.731;14724.904;18746.021;14984.434;21040.978;1561.821;22.027;24.945;.000;.000
167;12487.692;12984.010;14685.032;18733.699;14943.419;21584.973;1580.727;22.689;24.600;.000;.000
168;12487.692;12975.880;14727.460;18688.487;14956.089;22146.638;1579.159;22.824;25.275;.000;.000
169;12487.692;12956.084;14680.146;18872.251;14932.625;21585.701;1606.333;19.473;21.820;.000;.000
170;12487.165;12919.561;14632.543;18345.074;14818.877;20768.584;1469.948;21.649;23.770;.000;.000
171;12483.681;12892.752;14593.495;18255.668;14794.998;20900.250;1465.457;21.027;22.825;.000;.000
172;12428.573;12852.433;14573.948;18333.841;14761.229;21333.347;1511.631;21.568;23.655;.000;.000
173;12423.872;12856.552;14520.252;18118.125;14693.496;21688.181;1470.746;21.284;24.320;.000;.000
174;12420.366;12822.254;14491.108;18218.810;14699.202;20737.278;1481.410;22.419;25.135;.000;.000
175;12420.366;12813.787;14448.439;18568.144;14697.997;21603.334;1584.894;22.541;24.155;.000;.000
176;12420.366;12793.685;14406.476;18739.358;14690.176;22019.522;1629.711;20.311;22.945;.000;.000
177;12390.331;12758.987;14379.027;18436.681;14624.534;21421.610;1563.692;23.622;25.950;.000;.000
178;12385.091;12745.899;14380.369;18667.982;14673.861;22088.039;1650.217;22.270;23.590;.000;.000
179;12385.091;12729.594;14372.465;18539.416;14612.342;22279.116;1615.100;20.919;23.445;.000;.000
180;12381.665;12685.589;14343.352;18091.818;14532.299;21530.753;1519.913;23.149;25.095;.000;.000
181;12372.465;12671.408;14333.135;18594.721;14609.282;21030.327;1641.061;22.203;23.165;.000;.000
182;12372.233;12665.372;14343.433;18242.933;14575.977;20053.953;1532.659;21.824;22.320;.000;.000
183;12372.233;12681.934;14383.568;18251.986;14572.949;20977.829;1540.723;22.081;24.445;.000;.000
184;12345.349;12665.943;14373.750;18535.831;14601.956;21193.274;1616.677;22.797;25.435;.000;.000
185;12323.168;12685.234;14384.533;18199.416;14578.335;20777.382;1516.473;21.811;24.755;.000;.000
186;12302.675;12698.812;14360.149;18637.242;14607.385;21588.332;1647.351;24.189;25.915;.000;.000
187;12302.675;12691.039;14372.247;18448.617;14613.337;20933.928;1591.251;23.932;24.850;.000;.000
188;12302.675;12681.459;14382.522;18704.688;14624.856;21909.251;1670.147;24.081;25.130;.000;.000
189;12302.675;12660.911;14354.751;18417.269;14600.163;20671.181;1576.868;25.284;25.100;.000;.000
190;12302.675;12655.671;14355.735;18901.031;14658.159;21734.479;1728.030;24.757;25.390;.000;.000
191;12302.675;12658.775;14394.232;18898.812;14711.051;20979.067;1718.120;23.946;25.405;.000;.000
192;12302.675;12665.268;14407.217;18752.680;14687.009;21274.449;1670.087;23.176;24.610;.000;.000
193;12302.675;12659.742;14417.307;18886.296;14702.639;21775.160;1714.428;24.297;25.235;.000;.000
194;12299.644;12670.319;14436.004;18759.701;14697.362;22137.838;1684.957;24.257;25.005;.000;.000
195;12299.644;12651.019;14419.017;19102.135;14738.682;22089.194;1780.233;23.986;25.310;.000;.000
196;12299.644;12662.252;14455.068;18733.351;14703.693;20905.193;1657.853;23.824;26.075;.000;.000
197;12275.094;12614.070;14455.073;18727.602;14691.728;21194.177;1682.498;23.905;24.690;.000;.000
198;12264.221;12600.876;14412.414;18963.911;14710.315;21874.320;1773.922;23.108;25.480;.000;.000
199;12264.221;12584.865;14371.822;18786.588;14627.850;21415.098;1691.120;22.324;23.930;.000;.000
